Step,Action,Reasoning,Observation,Reward,Done
0,go forward,,"a wall 3 steps forward
a wall 2 steps left
a yellow key 1 step right",0,False
1,turn right,,"a wall 3 steps left
a yellow key 1 step forward",0,False
2,go forward,,"a wall 3 steps left
a yellow key 1 step forward",0,False
3,go forward,,"a wall 3 steps left
a yellow key 1 step forward",0,False
4,toggle,,"a wall 3 steps left
a yellow key 1 step forward",0,False
5,pick up,,"You carry a yellow key
a wall 5 steps forward
a wall 3 steps left",0.915625,True
