Step,Action,Reasoning,Observation,Reward,Done
0,pickup,,"message:


language observation:
grid bug far eastsoutheast
lava near eastnortheast and east
area of lava near eastsoutheast
horizontal wall near southeast and south
horizontal wall very near north and northeast
vertical wall very near southwest and west
northwest room corner very near northwest

cursor:
Yourself a samurai
(x=26, y=10)

map:
                                                                                
                                                                                
                                                                                
                                                                                
                                                                                
                                                                                
                                                                                
                        --------------                                          
                        |.....}......---                                        
                        |.@...}........-                                        
                        |.....}.....................|                           
                        |.....}.......x--------     |                           
                        |.....}......---                                        
                        --------------                                          
                                                                                
                                                                                
                                                                                
                                                                                
                                                                                
                                                                                
                                                                                
Agent the Hatamoto             St:16 Dx:17 Co:18 In:9 Wi:8 Ch:7 Lawful S:0      
Dlvl:1 $:0 HP:15(15) Pw:2(2) AC:4 Xp:1/0                                        

",-0.01,False
1,east,,"message:


language observation:
grid bug far eastsoutheast
lava near eastnortheast, east, and southeast
area of lava near eastsoutheast
horizontal wall near southeast and south
vertical wall near southwest and west
horizontal wall very near north, northeast, and northwest
horn adjacent west

cursor:
Yourself a samurai
(x=27, y=10)

map:
                                                                                
                                                                                
                                                                                
                                                                                
                                                                                
                                                                                
                                                                                
                        --------------                                          
                        |.....}......---                                        
                        |.(@..}........-                                        
                        |.....}.....................|                           
                        |.....}.......x--------     |                           
                        |.....}......---                                        
                        --------------                                          
                                                                                
                                                                                
                                                                                
                                                                                
                                                                                
                                                                                
                                                                                
Agent the Hatamoto             St:16 Dx:17 Co:18 In:9 Wi:8 Ch:7 Lawful S:0      
Dlvl:1 $:0 HP:15(15) Pw:2(2) AC:4 Xp:1/0                                        

",0.0,False
2,west,,"message:


language observation:
grid bug far eastsoutheast
lava near eastnortheast and east
area of lava near eastsoutheast
horizontal wall near southeast and south
horizontal wall very near north and northeast
vertical wall very near southwest and west
northwest room corner very near northwest

cursor:
Yourself a samurai
(x=26, y=10)

map:
                                                                                
                                                                                
                                                                                
                                                                                
                                                                                
                                                                                
                                                                                
                        --------------                                          
                        |.....}......---                                        
                        |.@...}........-                                        
                        |.....}.....................|                           
                        |.....}......x.--------     |                           
                        |.....}......---                                        
                        --------------                                          
                                                                                
                                                                                
                                                                                
                                                                                
                                                                                
                                                                                
                                                                                
Agent the Hatamoto             St:16 Dx:17 Co:18 In:9 Wi:8 Ch:7 Lawful S:0      
Dlvl:1 $:0 HP:15(15) Pw:2(2) AC:4 Xp:1/0                                        

",0.0,False
3,pickup,,"message:


language observation:
grid bug far eastsoutheast
lava near eastnortheast and east
area of lava near eastsoutheast
horizontal wall near southeast and south
horizontal wall very near north and northeast
vertical wall very near southwest and west
northwest room corner very near northwest

cursor:
Yourself a samurai
(x=26, y=10)

map:
                                                                                
                                                                                
                                                                                
                                                                                
                                                                                
                                                                                
                                                                                
                        --------------                                          
                        |.....}......---                                        
                        |.@...}........-                                        
                        |.....}.....................|                           
                        |.....}......x.--------     |                           
                        |.....}......---                                        
                        --------------                                          
                                                                                
                                                                                
                                                                                
                                                                                
                                                                                
                                                                                
                                                                                
Agent the Hatamoto             St:16 Dx:17 Co:18 In:9 Wi:8 Ch:7 Lawful S:0      
Dlvl:1 $:0 HP:15(15) Pw:2(2) AC:4 Xp:1/0                                        

",-0.01,False
4,apply,,"message:
You don't have anything to use or apply.

language observation:
grid bug far eastsoutheast
lava near eastnortheast and east
area of lava near eastsoutheast
horizontal wall near southeast and south
horizontal wall very near north and northeast
vertical wall very near southwest and west
northwest room corner very near northwest

cursor:
Yourself a samurai
(x=26, y=10)

map:
                                                                                
                                                                                
                                                                                
                                                                                
                                                                                
                                                                                
                                                                                
                        --------------                                          
                        |.....}......---                                        
                        |.@...}........-                                        
                        |.....}.....................|                           
                        |.....}......x.--------     |                           
                        |.....}......---                                        
                        --------------                                          
                                                                                
                                                                                
                                                                                
                                                                                
                                                                                
                                                                                
                                                                                
Agent the Hatamoto             St:16 Dx:17 Co:18 In:9 Wi:8 Ch:7 Lawful S:0      
Dlvl:1 $:0 HP:15(15) Pw:2(2) AC:4 Xp:1/0                                        

",-0.01,False
5,pickup,,"message:


language observation:
grid bug far eastsoutheast
lava near eastnortheast and east
area of lava near eastsoutheast
horizontal wall near southeast and south
horizontal wall very near north and northeast
vertical wall very near southwest and west
northwest room corner very near northwest

cursor:
Yourself a samurai
(x=26, y=10)

map:
                                                                                
                                                                                
                                                                                
                                                                                
                                                                                
                                                                                
                                                                                
                        --------------                                          
                        |.....}......---                                        
                        |.@...}........-                                        
                        |.....}.....................|                           
                        |.....}......x.--------     |                           
                        |.....}......---                                        
                        --------------                                          
                                                                                
                                                                                
                                                                                
                                                                                
                                                                                
                                                                                
                                                                                
Agent the Hatamoto             St:16 Dx:17 Co:18 In:9 Wi:8 Ch:7 Lawful S:0      
Dlvl:1 $:0 HP:15(15) Pw:2(2) AC:4 Xp:1/0                                        

",-0.01,False
6,more,,"message:
Unknown command '^M'.

language observation:
grid bug far eastsoutheast
lava near eastnortheast and east
area of lava near eastsoutheast
horizontal wall near southeast and south
horizontal wall very near north and northeast
vertical wall very near southwest and west
northwest room corner very near northwest

cursor:
Yourself a samurai
(x=26, y=10)

map:
                                                                                
                                                                                
                                                                                
                                                                                
                                                                                
                                                                                
                                                                                
                        --------------                                          
                        |.....}......---                                        
                        |.@...}........-                                        
                        |.....}.....................|                           
                        |.....}......x.--------     |                           
                        |.....}......---                                        
                        --------------                                          
                                                                                
                                                                                
                                                                                
                                                                                
                                                                                
                                                                                
                                                                                
Agent the Hatamoto             St:16 Dx:17 Co:18 In:9 Wi:8 Ch:7 Lawful S:0      
Dlvl:1 $:0 HP:15(15) Pw:2(2) AC:4 Xp:1/0                                        

",-0.01,False
7,pickup,,"message:


language observation:
grid bug far eastsoutheast
lava near eastnortheast and east
area of lava near eastsoutheast
horizontal wall near southeast and south
horizontal wall very near north and northeast
vertical wall very near southwest and west
northwest room corner very near northwest

cursor:
Yourself a samurai
(x=26, y=10)

map:
                                                                                
                                                                                
                                                                                
                                                                                
                                                                                
                                                                                
                                                                                
                        --------------                                          
                        |.....}......---                                        
                        |.@...}........-                                        
                        |.....}.....................|                           
                        |.....}......x.--------     |                           
                        |.....}......---                                        
                        --------------                                          
                                                                                
                                                                                
                                                                                
                                                                                
                                                                                
                                                                                
                                                                                
Agent the Hatamoto             St:16 Dx:17 Co:18 In:9 Wi:8 Ch:7 Lawful S:0      
Dlvl:1 $:0 HP:15(15) Pw:2(2) AC:4 Xp:1/0                                        

",-0.01,False
8,south,,"message:


language observation:
grid bug far eastsoutheast
horizontal wall near north, northeast, southeast, and south
lava near east
area of lava near eastnortheast and eastsoutheast
vertical wall very near southwest, west, and northwest
horn adjacent north

cursor:
Yourself a samurai
(x=26, y=11)

map:
                                                                                
                                                                                
                                                                                
                                                                                
                                                                                
                                                                                
                                                                                
                        --------------                                          
                        |.....}......---                                        
                        |.(...}........--------     |                           
                        |.@...}.....................|                           
                        |.....}.....x..--------     |                           
                        |.....}......---                                        
                        --------------                                          
                                                                                
                                                                                
                                                                                
                                                                                
                                                                                
                                                                                
                                                                                
Agent the Hatamoto             St:16 Dx:17 Co:18 In:9 Wi:8 Ch:7 Lawful S:0      
Dlvl:1 $:0 HP:15(15) Pw:2(2) AC:4 Xp:1/0                                        

",0.0,False
9,north,,"message:


language observation:
grid bug far eastsoutheast
lava near eastnortheast and east
area of lava near eastsoutheast
horizontal wall near southeast and south
horizontal wall very near north and northeast
vertical wall very near southwest and west
northwest room corner very near northwest

cursor:
Yourself a samurai
(x=26, y=10)

map:
                                                                                
                                                                                
                                                                                
                                                                                
                                                                                
                                                                                
                                                                                
                        --------------                                          
                        |.....}......---                                        
                        |.@...}........--------     |                           
                        |.....}.....................|                           
                        |.....}....x...--------     |                           
                        |.....}......---                                        
                        --------------                                          
                                                                                
                                                                                
                                                                                
                                                                                
                                                                                
                                                                                
                                                                                
Agent the Hatamoto             St:16 Dx:17 Co:18 In:9 Wi:8 Ch:7 Lawful S:0      
Dlvl:1 $:0 HP:15(15) Pw:2(2) AC:4 Xp:1/0                                        

",-0.01,False
10,pickup,,"message:


language observation:
grid bug far eastsoutheast
lava near eastnortheast and east
area of lava near eastsoutheast
horizontal wall near southeast and south
horizontal wall very near north and northeast
vertical wall very near southwest and west
northwest room corner very near northwest

cursor:
Yourself a samurai
(x=26, y=10)

map:
                                                                                
                                                                                
                                                                                
                                                                                
                                                                                
                                                                                
                                                                                
                        --------------                                          
                        |.....}......---                                        
                        |.@...}........--------     |                           
                        |.....}.....................|                           
                        |.....}....x...--------     |                           
                        |.....}......---                                        
                        --------------                                          
                                                                                
                                                                                
                                                                                
                                                                                
                                                                                
                                                                                
                                                                                
Agent the Hatamoto             St:16 Dx:17 Co:18 In:9 Wi:8 Ch:7 Lawful S:0      
Dlvl:1 $:0 HP:15(15) Pw:2(2) AC:4 Xp:1/0                                        

",-0.01,False
11,northwest,,"message:


language observation:
grid bug far eastsoutheast
lava near east
area of lava near eastsoutheast
horizontal wall near southeast and south
horizontal wall adjacent north and northeast
horn adjacent southeast
vertical wall adjacent southwest and west
northwest room corner adjacent northwest

cursor:
Yourself a samurai
(x=25, y=9)

map:
                                                                                
                                                                                
                                                                                
                                                                                
                                                                                
                                                                                
                                                                                
                        --------------                                          
                        |@....}......---                                        
                        |.(...}........--------     |                           
                        |.....}.....................|                           
                        |.....}....x...--------     |                           
                        |.....}......---                                        
                        --------------                                          
                                                                                
                                                                                
                                                                                
                                                                                
                                                                                
                                                                                
                                                                                
Agent the Hatamoto             St:16 Dx:17 Co:18 In:9 Wi:8 Ch:7 Lawful S:0      
Dlvl:1 $:0 HP:15(15) Pw:2(2) AC:4 Xp:1/0                                        

",0.0,False
12,southeast,,"message:


language observation:
grid bug far eastsoutheast
lava near eastnortheast and east
area of lava near eastsoutheast
horizontal wall near southeast and south
horizontal wall very near north and northeast
vertical wall very near southwest and west
northwest room corner very near northwest

cursor:
Yourself a samurai
(x=26, y=10)

map:
                                                                                
                                                                                
                                                                                
                                                                                
                                                                                
                                                                                
                                                                                
                        --------------                                          
                        |.....}......---                                        
                        |.@...}........--------     |                           
                        |.....}.....................|                           
                        |.....}...x....--------     |                           
                        |.....}......---                                        
                        --------------                                          
                                                                                
                                                                                
                                                                                
                                                                                
                                                                                
                                                                                
                                                                                
Agent the Hatamoto             St:16 Dx:17 Co:18 In:9 Wi:8 Ch:7 Lawful S:0      
Dlvl:1 $:0 HP:15(15) Pw:2(2) AC:4 Xp:1/0                                        

",-0.01,False
13,loot,,"message:
You don't find anything here to loot.

language observation:
grid bug far eastsoutheast
lava near eastnortheast and east
area of lava near eastsoutheast
horizontal wall near southeast and south
horizontal wall very near north and northeast
vertical wall very near southwest and west
northwest room corner very near northwest

cursor:
Yourself a samurai
(x=26, y=10)

map:
                                                                                
                                                                                
                                                                                
                                                                                
                                                                                
                                                                                
                                                                                
                        --------------                                          
                        |.....}......---                                        
                        |.@...}........--------     |                           
                        |.....}.....................|                           
                        |.....}...x....--------     |                           
                        |.....}......---                                        
                        --------------                                          
                                                                                
                                                                                
                                                                                
                                                                                
                                                                                
                                                                                
                                                                                
Agent the Hatamoto             St:16 Dx:17 Co:18 In:9 Wi:8 Ch:7 Lawful S:0      
Dlvl:1 $:0 HP:15(15) Pw:2(2) AC:4 Xp:1/0                                        

",-0.01,False
14,east,,"message:


language observation:
grid bug far eastsoutheast
lava near eastnortheast, east, and southeast
area of lava near eastsoutheast
horizontal wall near southeast and south
vertical wall near southwest and west
horizontal wall very near north, northeast, and northwest
horn adjacent west

cursor:
Yourself a samurai
(x=27, y=10)

map:
                                                                                
                                                                                
                                                                                
                                                                                
                                                                                
                                                                                
                                                                                
                        --------------                                          
                        |.....}......---                                        
                        |.(@..}........--------     |                           
                        |.....}.....................|                           
                        |.....}...x....--------     |                           
                        |.....}......---                                        
                        --------------                                          
                                                                                
                                                                                
                                                                                
                                                                                
                                                                                
                                                                                
                                                                                
Agent the Hatamoto             St:16 Dx:17 Co:18 In:9 Wi:8 Ch:7 Lawful S:0      
Dlvl:1 $:0 HP:15(15) Pw:2(2) AC:4 Xp:1/0                                        

",0.0,False
15,kick,,"message:
In what direction?

language observation:
grid bug far eastsoutheast
lava near eastnortheast, east, and southeast
area of lava near eastsoutheast
horizontal wall near southeast and south
vertical wall near southwest and west
horizontal wall very near north, northeast, and northwest
horn adjacent west

cursor:

(x=19, y=0)

map:
                                                                                
                                                                                
                                                                                
                                                                                
                                                                                
                                                                                
                                                                                
                        --------------                                          
                        |.....}......---                                        
                        |.(@..}........--------     |                           
                        |.....}.....................|                           
                        |.....}...x....--------     |                           
                        |.....}......---                                        
                        --------------                                          
                                                                                
                                                                                
                                                                                
                                                                                
                                                                                
                                                                                
                                                                                
Agent the Hatamoto             St:16 Dx:17 Co:18 In:9 Wi:8 Ch:7 Lawful S:0      
Dlvl:1 $:0 HP:15(15) Pw:2(2) AC:4 Xp:1/0                                        

",-0.01,False
16,west,,"message:


language observation:
grid bug far eastsoutheast
lava near eastnortheast, east, and southeast
area of lava near eastsoutheast
horizontal wall near southeast and south
vertical wall near southwest and west
horizontal wall very near north, northeast, and northwest
horn very near west
balsa wand adjacent west

cursor:
Yourself a samurai
(x=27, y=10)

map:
                                                                                
                                                                                
                                                                                
                                                                                
                                                                                
                                                                                
                                                                                
                        --------------                                          
                        |.....}......---                                        
                        |(/@..}........--------     |                           
                        |.....}.....................|                           
                        |.....}..x.....--------     |                           
                        |.....}......---                                        
                        --------------                                          
                                                                                
                                                                                
                                                                                
                                                                                
                                                                                
                                                                                
                                                                                
Agent the Hatamoto             St:16 Dx:17 Co:18 In:9 Wi:8 Ch:7 Lawful S:0      
Dlvl:1 $:0 HP:15(15) Pw:2(2) AC:4 Xp:1/0                                        

",0.0,False
17,west,,"message:
There is a staircase up here.  You see here a balsa wand.

language observation:
grid bug far eastsoutheast
lava near eastnortheast and east
area of lava near eastsoutheast
horizontal wall near southeast and south
horizontal wall very near north and northeast
vertical wall very near southwest and west
northwest room corner very near northwest
horn adjacent west

cursor:
Yourself a samurai
(x=26, y=10)

map:
                                                                                
                                                                                
                                                                                
                                                                                
                                                                                
                                                                                
                                                                                
                        --------------                                          
                        |.....}......---                                        
                        |(@...}........--------     |                           
                        |.....}.....................|                           
                        |.....}.x......--------     |                           
                        |.....}......---                                        
                        --------------                                          
                                                                                
                                                                                
                                                                                
                                                                                
                                                                                
                                                                                
                                                                                
Agent the Hatamoto             St:16 Dx:17 Co:18 In:9 Wi:8 Ch:7 Lawful S:0      
Dlvl:1 $:0 HP:15(15) Pw:2(2) AC:4 Xp:1/0                                        

",0.0,False
18,pickup,,"message:
f - a balsa wand.

language observation:
lava near eastnortheast and east
area of lava near eastsoutheast
grid bug near eastsoutheast
horizontal wall near southeast and south
horizontal wall very near north and northeast
vertical wall very near southwest and west
northwest room corner very near northwest
horn adjacent west

cursor:
Yourself a samurai
(x=26, y=10)

map:
                                                                                
                                                                                
                                                                                
                                                                                
                                                                                
                                                                                
                                                                                
                        --------------                                          
                        |.....}......---                                        
                        |(@...}........--------     |                           
                        |.....}.....................|                           
                        |.....}x.......--------     |                           
                        |.....}......---                                        
                        --------------                                          
                                                                                
                                                                                
                                                                                
                                                                                
                                                                                
                                                                                
                                                                                
Agent the Hatamoto             St:16 Dx:17 Co:18 In:9 Wi:8 Ch:7 Lawful S:0      
Dlvl:1 $:0 HP:15(15) Pw:2(2) AC:4 Xp:1/0                                        

",-0.01,False
19,west,,"message:
You see here a horn.

language observation:
grid bug far eastsoutheast
lava near eastnortheast and east
area of lava near eastsoutheast
horizontal wall near southeast and south
horizontal wall very near north and northeast
stairs up adjacent east
vertical wall adjacent southwest, west, and northwest

cursor:
Yourself a samurai
(x=25, y=10)

map:
                                                                                
                                                                                
                                                                                
                                                                                
                                                                                
                                                                                
                                                                                
                        --------------                                          
                        |.....}......---                                        
                        |@<...}........--------     |                           
                        |.....}.....................|                           
                        |.....}x.......--------     |                           
                        |.....}......---                                        
                        --------------                                          
                                                                                
                                                                                
                                                                                
                                                                                
                                                                                
                                                                                
                                                                                
Agent the Hatamoto             St:16 Dx:17 Co:18 In:9 Wi:8 Ch:7 Lawful S:0      
Dlvl:1 $:0 HP:15(15) Pw:2(2) AC:4 Xp:1/0                                        

",0.0,False
20,pickup,,"message:
g - a horn.

language observation:
grid bug far eastsoutheast
lava near eastnortheast and east
area of lava near eastsoutheast
horizontal wall near southeast and south
horizontal wall very near north and northeast
stairs up adjacent east
vertical wall adjacent southwest, west, and northwest

cursor:
Yourself a samurai
(x=25, y=10)

map:
                                                                                
                                                                                
                                                                                
                                                                                
                                                                                
                                                                                
                                                                                
                        --------------                                          
                        |.....}......---                                        
                        |@<...}........--------     |                           
                        |.....}x....................|                           
                        |.....}........--------     |                           
                        |.....}......---                                        
                        --------------                                          
                                                                                
                                                                                
                                                                                
                                                                                
                                                                                
                                                                                
                                                                                
Agent the Hatamoto             St:16 Dx:17 Co:18 In:9 Wi:8 Ch:7 Lawful S:0      
Dlvl:1 $:0 HP:15(15) Pw:2(2) AC:4 Xp:1/0                                        

",0.0,False
21,southeast,,"message:


language observation:
horizontal wall near north, northeast, southeast, and south
lava near east
area of lava near eastnortheast and eastsoutheast
grid bug near eastnortheast
vertical wall very near southwest, west, and northwest
stairs up adjacent north

cursor:
Yourself a samurai
(x=26, y=11)

map:
                                                                                
                                                                                
                                                                                
                                                                                
                                                                                
                                                                                
                                                                                
                        --------------                                          
                        |.....}......---                                        
                        |.<...}x.......--------     |                           
                        |.@...}.....................|                           
                        |.....}........--------     |                           
                        |.....}......---                                        
                        --------------                                          
                                                                                
                                                                                
                                                                                
                                                                                
                                                                                
                                                                                
                                                                                
Agent the Hatamoto             St:16 Dx:17 Co:18 In:9 Wi:8 Ch:7 Lawful S:0      
Dlvl:1 $:0 HP:15(15) Pw:2(2) AC:4 Xp:1/0                                        

",0.0,False
22,east,,"message:


language observation:
horizontal wall near north, northeast, southeast, and south
lava near east
area of lava near eastnortheast and eastsoutheast
grid bug near eastnortheast
southwest corner near southwest
vertical wall near west
northwest room corner near northwest
stairs up adjacent northwest

cursor:
Yourself a samurai
(x=27, y=11)

map:
                                                                                
                                                                                
                                                                                
                                                                                
                                                                                
                                                                                
                                                                                
                        --------------                                          
                        |.....}x.....---                                        
                        |.<...}........--------     |                           
                        |..@..}.....................|                           
                        |.....}........--------     |                           
                        |.....}......---                                        
                        --------------                                          
                                                                                
                                                                                
                                                                                
                                                                                
                                                                                
                                                                                
                                                                                
Agent the Hatamoto             St:16 Dx:17 Co:18 In:9 Wi:8 Ch:7 Lawful S:0      
Dlvl:1 $:0 HP:15(15) Pw:2(2) AC:4 Xp:1/0                                        

",0.0,False
23,zap,,"message:
What do you want to zap? [f or ?*]

language observation:
horizontal wall near north, northeast, southeast, and south
lava near east
area of lava near eastnortheast and eastsoutheast
grid bug near eastnortheast
southwest corner near southwest
vertical wall near west
northwest room corner near northwest
stairs up adjacent northwest

cursor:

(x=35, y=0)

map:
                                                                                
                                                                                
                                                                                
                                                                                
                                                                                
                                                                                
                                                                                
                        --------------                                          
                        |.....}x.....---                                        
                        |.<...}........--------     |                           
                        |..@..}.....................|                           
                        |.....}........--------     |                           
                        |.....}......---                                        
                        --------------                                          
                                                                                
                                                                                
                                                                                
                                                                                
                                                                                
                                                                                
                                                                                
Agent the Hatamoto             St:16 Dx:17 Co:18 In:9 Wi:8 Ch:7 Lawful S:0      
Dlvl:1 $:0 HP:15(15) Pw:2(2) AC:4 Xp:1/0                                        

",-0.01,False
24,force,,"message:
What do you want to zap? [f or ?*]

language observation:
horizontal wall near north, northeast, southeast, and south
lava near east
area of lava near eastnortheast and eastsoutheast
grid bug near eastnortheast
southwest corner near southwest
vertical wall near west
northwest room corner near northwest
stairs up adjacent northwest

cursor:

(x=35, y=0)

map:
                                                                                
                                                                                
                                                                                
                                                                                
                                                                                
                                                                                
                                                                                
                        --------------                                          
                        |.....}x.....---                                        
                        |.<...}........--------     |                           
                        |..@..}.....................|                           
                        |.....}........--------     |                           
                        |.....}......---                                        
                        --------------                                          
                                                                                
                                                                                
                                                                                
                                                                                
                                                                                
                                                                                
                                                                                
Agent the Hatamoto             St:16 Dx:17 Co:18 In:9 Wi:8 Ch:7 Lawful S:0      
Dlvl:1 $:0 HP:15(15) Pw:2(2) AC:4 Xp:1/0                                        

",-0.01,False
25,more,,"message:
Never mind.

language observation:
horizontal wall near north, northeast, southeast, and south
lava near east
area of lava near eastnortheast and eastsoutheast
grid bug near eastnortheast
southwest corner near southwest
vertical wall near west
northwest room corner near northwest
stairs up adjacent northwest

cursor:
Yourself a samurai
(x=27, y=11)

map:
                                                                                
                                                                                
                                                                                
                                                                                
                                                                                
                                                                                
                                                                                
                        --------------                                          
                        |.....}x.....---                                        
                        |.<...}........--------     |                           
                        |..@..}.....................|                           
                        |.....}........--------     |                           
                        |.....}......---                                        
                        --------------                                          
                                                                                
                                                                                
                                                                                
                                                                                
                                                                                
                                                                                
                                                                                
Agent the Hatamoto             St:16 Dx:17 Co:18 In:9 Wi:8 Ch:7 Lawful S:0      
Dlvl:1 $:0 HP:15(15) Pw:2(2) AC:4 Xp:1/0                                        

",-0.01,False
26,apply,,"message:
What do you want to use or apply? [fg or ?*]

language observation:
horizontal wall near north, northeast, southeast, and south
lava near east
area of lava near eastnortheast and eastsoutheast
grid bug near eastnortheast
southwest corner near southwest
vertical wall near west
northwest room corner near northwest
stairs up adjacent northwest

cursor:

(x=45, y=0)

map:
                                                                                
                                                                                
                                                                                
                                                                                
                                                                                
                                                                                
                                                                                
                        --------------                                          
                        |.....}x.....---                                        
                        |.<...}........--------     |                           
                        |..@..}.....................|                           
                        |.....}........--------     |                           
                        |.....}......---                                        
                        --------------                                          
                                                                                
                                                                                
                                                                                
                                                                                
                                                                                
                                                                                
                                                                                
Agent the Hatamoto             St:16 Dx:17 Co:18 In:9 Wi:8 Ch:7 Lawful S:0      
Dlvl:1 $:0 HP:15(15) Pw:2(2) AC:4 Xp:1/0                                        

",-0.01,False
27,far east,,"message:
What do you want to use or apply? [fg or ?*]

language observation:
horizontal wall near north, northeast, southeast, and south
lava near east
area of lava near eastnortheast and eastsoutheast
grid bug near eastnortheast
southwest corner near southwest
vertical wall near west
northwest room corner near northwest
stairs up adjacent northwest

cursor:

(x=45, y=0)

map:
                                                                                
                                                                                
                                                                                
                                                                                
                                                                                
                                                                                
                                                                                
                        --------------                                          
                        |.....}x.....---                                        
                        |.<...}........--------     |                           
                        |..@..}.....................|                           
                        |.....}........--------     |                           
                        |.....}......---                                        
                        --------------                                          
                                                                                
                                                                                
                                                                                
                                                                                
                                                                                
                                                                                
                                                                                
Agent the Hatamoto             St:16 Dx:17 Co:18 In:9 Wi:8 Ch:7 Lawful S:0      
Dlvl:1 $:0 HP:15(15) Pw:2(2) AC:4 Xp:1/0                                        

",-0.01,False
28,wait,,"message:
What do you want to use or apply? [fg or ?*]

language observation:
horizontal wall near north, northeast, southeast, and south
lava near east
area of lava near eastnortheast and eastsoutheast
grid bug near eastnortheast
southwest corner near southwest
vertical wall near west
northwest room corner near northwest
stairs up adjacent northwest

cursor:

(x=45, y=0)

map:
                                                                                
                                                                                
                                                                                
                                                                                
                                                                                
                                                                                
                                                                                
                        --------------                                          
                        |.....}x.....---                                        
                        |.<...}........--------     |                           
                        |..@..}.....................|                           
                        |.....}........--------     |                           
                        |.....}......---                                        
                        --------------                                          
                                                                                
                                                                                
                                                                                
                                                                                
                                                                                
                                                                                
                                                                                
Agent the Hatamoto             St:16 Dx:17 Co:18 In:9 Wi:8 Ch:7 Lawful S:0      
Dlvl:1 $:0 HP:15(15) Pw:2(2) AC:4 Xp:1/0                                        

",-0.01,False
29,more,,"message:
Never mind.

language observation:
horizontal wall near north, northeast, southeast, and south
lava near east
area of lava near eastnortheast and eastsoutheast
grid bug near eastnortheast
southwest corner near southwest
vertical wall near west
northwest room corner near northwest
stairs up adjacent northwest

cursor:
Yourself a samurai
(x=27, y=11)

map:
                                                                                
                                                                                
                                                                                
                                                                                
                                                                                
                                                                                
                                                                                
                        --------------                                          
                        |.....}x.....---                                        
                        |.<...}........--------     |                           
                        |..@..}.....................|                           
                        |.....}........--------     |                           
                        |.....}......---                                        
                        --------------                                          
                                                                                
                                                                                
                                                                                
                                                                                
                                                                                
                                                                                
                                                                                
Agent the Hatamoto             St:16 Dx:17 Co:18 In:9 Wi:8 Ch:7 Lawful S:0      
Dlvl:1 $:0 HP:15(15) Pw:2(2) AC:4 Xp:1/0                                        

",-0.01,False
30,east,,"message:


language observation:
horizontal wall near north, northeast, southeast, south, southwest, and northwest
grid bug near eastnortheast
vertical wall near west
lava very near northeast, eastnortheast, east, eastsoutheast, and southeast
stairs up very near westnorthwest

cursor:
Yourself a samurai
(x=28, y=11)

map:
                                                                                
                                                                                
                                                                                
                                                                                
                                                                                
                                                                                
                                                                                
                        --------------                                          
                        |.....}.x....---                                        
                        |.<...}........--------     |                           
                        |...@.}.....................|                           
                        |.....}........--------     |                           
                        |.....}......---                                        
                        --------------                                          
                                                                                
                                                                                
                                                                                
                                                                                
                                                                                
                                                                                
                                                                                
Agent the Hatamoto             St:16 Dx:17 Co:18 In:9 Wi:8 Ch:7 Lawful S:0      
Dlvl:1 $:0 HP:15(15) Pw:2(2) AC:4 Xp:1/0                                        

",0.0,False
31,east,,"message:


language observation:
horizontal wall near north, northeast, southeast, south, southwest, and northwest
grid bug near eastnortheast
vertical wall near west
stairs up near westnorthwest
lava very near northnortheast and southsoutheast
lava adjacent northeast, east, and southeast

cursor:
Yourself a samurai
(x=29, y=11)

map:
                                                                                
                                                                                
                                                                                
                                                                                
                                                                                
                                                                                
                                                                                
                        --------------                                          
                        |.....}......---                                        
                        |.<...}.x......--------     |                           
                        |....@}.....................|                           
                        |.....}........--------     |                           
                        |.....}......---                                        
                        --------------                                          
                                                                                
                                                                                
                                                                                
                                                                                
                                                                                
                                                                                
                                                                                
Agent the Hatamoto             St:16 Dx:17 Co:18 In:9 Wi:8 Ch:7 Lawful S:0      
Dlvl:1 $:0 HP:15(15) Pw:2(2) AC:4 Xp:1/0                                        

",-0.01,False
32,north,,"message:


language observation:
grid bug near east
horizontal wall near southeast, south, and southwest
lava near southsoutheast
stairs up near west
vertical wall near west
horizontal wall very near north, northeast, and northwest
lava very near southsoutheast
lava adjacent northeast, east, and southeast

cursor:
Yourself a samurai
(x=29, y=10)

map:
                                                                                
                                                                                
                                                                                
                                                                                
                                                                                
                                                                                
                                                                                
                        --------------                                          
                        |.....}......---                                        
                        |.<..@}.x......--------     |                           
                        |.....}.....................|                           
                        |.....}........--------     |                           
                        |.....}......---                                        
                        --------------                                          
                                                                                
                                                                                
                                                                                
                                                                                
                                                                                
                                                                                
                                                                                
Agent the Hatamoto             St:16 Dx:17 Co:18 In:9 Wi:8 Ch:7 Lawful S:0      
Dlvl:1 $:0 HP:15(15) Pw:2(2) AC:4 Xp:1/0                                        

",0.0,False
33,north,,"message:


language observation:
southwest corner far east
grid bug near eastsoutheast
horizontal wall near southeast and south
area of lava near southsoutheast
southwest corner near southwest
stairs up near westsouthwest
vertical wall near west
lava very near southsoutheast
horizontal wall adjacent north, northeast, and northwest
lava adjacent east and southeast

cursor:
Yourself a samurai
(x=29, y=9)

map:
                                                                                
                                                                                
                                                                                
                                                                                
                                                                                
                                                                                
                                                                                
                        --------------                                          
                        |....@}......---                                        
                        |.<...}........--------     |                           
                        |.....}.x...................|                           
                        |.....}........--------     |                           
                        |.....}......---                                        
                        --------------                                          
                                                                                
                                                                                
                                                                                
                                                                                
                                                                                
                                                                                
                                                                                
Agent the Hatamoto             St:16 Dx:17 Co:18 In:9 Wi:8 Ch:7 Lawful S:0      
Dlvl:1 $:0 HP:15(15) Pw:2(2) AC:4 Xp:1/0                                        

",-0.01,False
34,search,,"message:


language observation:
southwest corner far east
grid bug near eastsoutheast
horizontal wall near southeast and south
area of lava near southsoutheast
southwest corner near southwest
stairs up near westsouthwest
vertical wall near west
lava very near southsoutheast
horizontal wall adjacent north, northeast, and northwest
lava adjacent east and southeast

cursor:
Yourself a samurai
(x=29, y=9)

map:
                                                                                
                                                                                
                                                                                
                                                                                
                                                                                
                                                                                
                                                                                
                        --------------                                          
                        |....@}......---                                        
                        |.<...}........--------     |                           
                        |.....}.x...................|                           
                        |.....}........--------     |                           
                        |.....}......---                                        
                        --------------                                          
                                                                                
                                                                                
                                                                                
                                                                                
                                                                                
                                                                                
                                                                                
Agent the Hatamoto             St:16 Dx:17 Co:18 In:9 Wi:8 Ch:7 Lawful S:0      
Dlvl:1 $:0 HP:15(15) Pw:2(2) AC:4 Xp:1/0                                        

",0.0,False
35,far south,,"message:
It's a wall.

language observation:
northwest room corner far east
horizontal wall near north and northeast
area of lava near northnortheast
grid bug near northeast
vertical wall near west
stairs up near northwest
northwest room corner near northwest
lava very near northnortheast
lava adjacent northeast and east
horizontal wall adjacent southeast, south, and southwest

cursor:
Yourself a samurai
(x=29, y=13)

map:
                                                                                
                                                                                
                                                                                
                                                                                
                                                                                
                                                                                
                                                                                
                        --------------                                          
                        |.....}......---                                        
                        |.<...}.x......--------     |                           
                        |.....}.....................|                           
                        |.....}........--------     |                           
                        |....@}......---                                        
                        --------------                                          
                                                                                
                                                                                
                                                                                
                                                                                
                                                                                
                                                                                
                                                                                
Agent the Hatamoto             St:16 Dx:17 Co:18 In:9 Wi:8 Ch:7 Lawful S:0      
Dlvl:1 $:0 HP:15(15) Pw:2(2) AC:4 Xp:1/0                                        

",0.0,False
36,search,,"message:


language observation:
northwest room corner far east
horizontal wall near north and northeast
area of lava near northnortheast
grid bug near eastnortheast
vertical wall near west
stairs up near northwest
northwest room corner near northwest
lava very near northnortheast
lava adjacent northeast and east
horizontal wall adjacent southeast, south, and southwest

cursor:
Yourself a samurai
(x=29, y=13)

map:
                                                                                
                                                                                
                                                                                
                                                                                
                                                                                
                                                                                
                                                                                
                        --------------                                          
                        |.....}......---                                        
                        |.<...}........--------     |                           
                        |.....}.x...................|                           
                        |.....}........--------     |                           
                        |....@}......---                                        
                        --------------                                          
                                                                                
                                                                                
                                                                                
                                                                                
                                                                                
                                                                                
                                                                                
Agent the Hatamoto             St:16 Dx:17 Co:18 In:9 Wi:8 Ch:7 Lawful S:0      
Dlvl:1 $:0 HP:15(15) Pw:2(2) AC:4 Xp:1/0                                        

",0.0,False
37,zap,,"message:
What do you want to zap? [f or ?*]

language observation:
northwest room corner far east
horizontal wall near north and northeast
area of lava near northnortheast
grid bug near eastnortheast
vertical wall near west
stairs up near northwest
northwest room corner near northwest
lava very near northnortheast
lava adjacent northeast and east
horizontal wall adjacent southeast, south, and southwest

cursor:

(x=35, y=0)

map:
                                                                                
                                                                                
                                                                                
                                                                                
                                                                                
                                                                                
                                                                                
                        --------------                                          
                        |.....}......---                                        
                        |.<...}........--------     |                           
                        |.....}.x...................|                           
                        |.....}........--------     |                           
                        |....@}......---                                        
                        --------------                                          
                                                                                
                                                                                
                                                                                
                                                                                
                                                                                
                                                                                
                                                                                
Agent the Hatamoto             St:16 Dx:17 Co:18 In:9 Wi:8 Ch:7 Lawful S:0      
Dlvl:1 $:0 HP:15(15) Pw:2(2) AC:4 Xp:1/0                                        

",-0.01,False
38,more,,"message:
Never mind.

language observation:
northwest room corner far east
horizontal wall near north and northeast
area of lava near northnortheast
grid bug near eastnortheast
vertical wall near west
stairs up near northwest
northwest room corner near northwest
lava very near northnortheast
lava adjacent northeast and east
horizontal wall adjacent southeast, south, and southwest

cursor:
Yourself a samurai
(x=29, y=13)

map:
                                                                                
                                                                                
                                                                                
                                                                                
                                                                                
                                                                                
                                                                                
                        --------------                                          
                        |.....}......---                                        
                        |.<...}........--------     |                           
                        |.....}.x...................|                           
                        |.....}........--------     |                           
                        |....@}......---                                        
                        --------------                                          
                                                                                
                                                                                
                                                                                
                                                                                
                                                                                
                                                                                
                                                                                
Agent the Hatamoto             St:16 Dx:17 Co:18 In:9 Wi:8 Ch:7 Lawful S:0      
Dlvl:1 $:0 HP:15(15) Pw:2(2) AC:4 Xp:1/0                                        

",-0.01,False
39,far northwest,,"message:


language observation:
lichen very far eastsoutheast
lava near eastnortheast and east
area of lava near eastsoutheast
grid bug near eastsoutheast
horizontal wall near southeast and south
horizontal wall very near north and northeast
vertical wall very near southwest and west
northwest room corner very near northwest

cursor:
Yourself a samurai
(x=26, y=10)

map:
                                                                                
                                                                                
                                                                                
                                                                                
                                                                                
                                                                                
                                                                                
                        --------------                                          
                        |.....}......---                                        
                        |.@...}........--------     |                           
                        |.....}x................F...|                           
                        |.....}........--------     |                           
                        |.....}......---                                        
                        --------------                                          
                                                                                
                                                                                
                                                                                
                                                                                
                                                                                
                                                                                
                                                                                
Agent the Hatamoto             St:16 Dx:17 Co:18 In:9 Wi:8 Ch:7 Lawful S:0      
Dlvl:1 $:0 HP:15(15) Pw:2(2) AC:4 Xp:1/0                                        

",0.0,False
40,zap,,"message:
What do you want to zap? [f or ?*]

language observation:
lichen very far eastsoutheast
lava near eastnortheast and east
area of lava near eastsoutheast
grid bug near eastsoutheast
horizontal wall near southeast and south
horizontal wall very near north and northeast
vertical wall very near southwest and west
northwest room corner very near northwest

cursor:

(x=35, y=0)

map:
                                                                                
                                                                                
                                                                                
                                                                                
                                                                                
                                                                                
                                                                                
                        --------------                                          
                        |.....}......---                                        
                        |.@...}........--------     |                           
                        |.....}x................F...|                           
                        |.....}........--------     |                           
                        |.....}......---                                        
                        --------------                                          
                                                                                
                                                                                
                                                                                
                                                                                
                                                                                
                                                                                
                                                                                
Agent the Hatamoto             St:16 Dx:17 Co:18 In:9 Wi:8 Ch:7 Lawful S:0      
Dlvl:1 $:0 HP:15(15) Pw:2(2) AC:4 Xp:1/0                                        

",-0.01,False
41,force,,"message:
What do you want to zap? [f or ?*]

language observation:
lichen very far eastsoutheast
lava near eastnortheast and east
area of lava near eastsoutheast
grid bug near eastsoutheast
horizontal wall near southeast and south
horizontal wall very near north and northeast
vertical wall very near southwest and west
northwest room corner very near northwest

cursor:

(x=35, y=0)

map:
                                                                                
                                                                                
                                                                                
                                                                                
                                                                                
                                                                                
                                                                                
                        --------------                                          
                        |.....}......---                                        
                        |.@...}........--------     |                           
                        |.....}x................F...|                           
                        |.....}........--------     |                           
                        |.....}......---                                        
                        --------------                                          
                                                                                
                                                                                
                                                                                
                                                                                
                                                                                
                                                                                
                                                                                
Agent the Hatamoto             St:16 Dx:17 Co:18 In:9 Wi:8 Ch:7 Lawful S:0      
Dlvl:1 $:0 HP:15(15) Pw:2(2) AC:4 Xp:1/0                                        

",-0.01,False
42,more,,"message:
Never mind.

language observation:
lichen very far eastsoutheast
lava near eastnortheast and east
area of lava near eastsoutheast
grid bug near eastsoutheast
horizontal wall near southeast and south
horizontal wall very near north and northeast
vertical wall very near southwest and west
northwest room corner very near northwest

cursor:
Yourself a samurai
(x=26, y=10)

map:
                                                                                
                                                                                
                                                                                
                                                                                
                                                                                
                                                                                
                                                                                
                        --------------                                          
                        |.....}......---                                        
                        |.@...}........--------     |                           
                        |.....}x................F...|                           
                        |.....}........--------     |                           
                        |.....}......---                                        
                        --------------                                          
                                                                                
                                                                                
                                                                                
                                                                                
                                                                                
                                                                                
                                                                                
Agent the Hatamoto             St:16 Dx:17 Co:18 In:9 Wi:8 Ch:7 Lawful S:0      
Dlvl:1 $:0 HP:15(15) Pw:2(2) AC:4 Xp:1/0                                        

",-0.01,False
43,zap,,"message:
What do you want to zap? [f or ?*]

language observation:
lichen very far eastsoutheast
lava near eastnortheast and east
area of lava near eastsoutheast
grid bug near eastsoutheast
horizontal wall near southeast and south
horizontal wall very near north and northeast
vertical wall very near southwest and west
northwest room corner very near northwest

cursor:

(x=35, y=0)

map:
                                                                                
                                                                                
                                                                                
                                                                                
                                                                                
                                                                                
                                                                                
                        --------------                                          
                        |.....}......---                                        
                        |.@...}........--------     |                           
                        |.....}x................F...|                           
                        |.....}........--------     |                           
                        |.....}......---                                        
                        --------------                                          
                                                                                
                                                                                
                                                                                
                                                                                
                                                                                
                                                                                
                                                                                
Agent the Hatamoto             St:16 Dx:17 Co:18 In:9 Wi:8 Ch:7 Lawful S:0      
Dlvl:1 $:0 HP:15(15) Pw:2(2) AC:4 Xp:1/0                                        

",-0.01,False
44,zap,,"message:
What do you want to zap? [f or ?*]

language observation:
lichen very far eastsoutheast
lava near eastnortheast and east
area of lava near eastsoutheast
grid bug near eastsoutheast
horizontal wall near southeast and south
horizontal wall very near north and northeast
vertical wall very near southwest and west
northwest room corner very near northwest

cursor:

(x=35, y=0)

map:
                                                                                
                                                                                
                                                                                
                                                                                
                                                                                
                                                                                
                                                                                
                        --------------                                          
                        |.....}......---                                        
                        |.@...}........--------     |                           
                        |.....}x................F...|                           
                        |.....}........--------     |                           
                        |.....}......---                                        
                        --------------                                          
                                                                                
                                                                                
                                                                                
                                                                                
                                                                                
                                                                                
                                                                                
Agent the Hatamoto             St:16 Dx:17 Co:18 In:9 Wi:8 Ch:7 Lawful S:0      
Dlvl:1 $:0 HP:15(15) Pw:2(2) AC:4 Xp:1/0                                        

",-0.01,False
45,more,,"message:
Never mind.

language observation:
lichen very far eastsoutheast
lava near eastnortheast and east
area of lava near eastsoutheast
grid bug near eastsoutheast
horizontal wall near southeast and south
horizontal wall very near north and northeast
vertical wall very near southwest and west
northwest room corner very near northwest

cursor:
Yourself a samurai
(x=26, y=10)

map:
                                                                                
                                                                                
                                                                                
                                                                                
                                                                                
                                                                                
                                                                                
                        --------------                                          
                        |.....}......---                                        
                        |.@...}........--------     |                           
                        |.....}x................F...|                           
                        |.....}........--------     |                           
                        |.....}......---                                        
                        --------------                                          
                                                                                
                                                                                
                                                                                
                                                                                
                                                                                
                                                                                
                                                                                
Agent the Hatamoto             St:16 Dx:17 Co:18 In:9 Wi:8 Ch:7 Lawful S:0      
Dlvl:1 $:0 HP:15(15) Pw:2(2) AC:4 Xp:1/0                                        

",-0.01,False
46,apply,,"message:
What do you want to use or apply? [fg or ?*]

language observation:
lichen very far eastsoutheast
lava near eastnortheast and east
area of lava near eastsoutheast
grid bug near eastsoutheast
horizontal wall near southeast and south
horizontal wall very near north and northeast
vertical wall very near southwest and west
northwest room corner very near northwest

cursor:

(x=45, y=0)

map:
                                                                                
                                                                                
                                                                                
                                                                                
                                                                                
                                                                                
                                                                                
                        --------------                                          
                        |.....}......---                                        
                        |.@...}........--------     |                           
                        |.....}x................F...|                           
                        |.....}........--------     |                           
                        |.....}......---                                        
                        --------------                                          
                                                                                
                                                                                
                                                                                
                                                                                
                                                                                
                                                                                
                                                                                
Agent the Hatamoto             St:16 Dx:17 Co:18 In:9 Wi:8 Ch:7 Lawful S:0      
Dlvl:1 $:0 HP:15(15) Pw:2(2) AC:4 Xp:1/0                                        

",-0.01,False
47,force,,"message:
What do you want to use or apply? [fg or ?*]

language observation:
lichen very far eastsoutheast
lava near eastnortheast and east
area of lava near eastsoutheast
grid bug near eastsoutheast
horizontal wall near southeast and south
horizontal wall very near north and northeast
vertical wall very near southwest and west
northwest room corner very near northwest

cursor:

(x=45, y=0)

map:
                                                                                
                                                                                
                                                                                
                                                                                
                                                                                
                                                                                
                                                                                
                        --------------                                          
                        |.....}......---                                        
                        |.@...}........--------     |                           
                        |.....}x................F...|                           
                        |.....}........--------     |                           
                        |.....}......---                                        
                        --------------                                          
                                                                                
                                                                                
                                                                                
                                                                                
                                                                                
                                                                                
                                                                                
Agent the Hatamoto             St:16 Dx:17 Co:18 In:9 Wi:8 Ch:7 Lawful S:0      
Dlvl:1 $:0 HP:15(15) Pw:2(2) AC:4 Xp:1/0                                        

",-0.01,False
48,far east,,"message:
What do you want to use or apply? [fg or ?*]

language observation:
lichen very far eastsoutheast
lava near eastnortheast and east
area of lava near eastsoutheast
grid bug near eastsoutheast
horizontal wall near southeast and south
horizontal wall very near north and northeast
vertical wall very near southwest and west
northwest room corner very near northwest

cursor:

(x=45, y=0)

map:
                                                                                
                                                                                
                                                                                
                                                                                
                                                                                
                                                                                
                                                                                
                        --------------                                          
                        |.....}......---                                        
                        |.@...}........--------     |                           
                        |.....}x................F...|                           
                        |.....}........--------     |                           
                        |.....}......---                                        
                        --------------                                          
                                                                                
                                                                                
                                                                                
                                                                                
                                                                                
                                                                                
                                                                                
Agent the Hatamoto             St:16 Dx:17 Co:18 In:9 Wi:8 Ch:7 Lawful S:0      
Dlvl:1 $:0 HP:15(15) Pw:2(2) AC:4 Xp:1/0                                        

",-0.01,False
49,more,,"message:
Never mind.

language observation:
lichen very far eastsoutheast
lava near eastnortheast and east
area of lava near eastsoutheast
grid bug near eastsoutheast
horizontal wall near southeast and south
horizontal wall very near north and northeast
vertical wall very near southwest and west
northwest room corner very near northwest

cursor:
Yourself a samurai
(x=26, y=10)

map:
                                                                                
                                                                                
                                                                                
                                                                                
                                                                                
                                                                                
                                                                                
                        --------------                                          
                        |.....}......---                                        
                        |.@...}........--------     |                           
                        |.....}x................F...|                           
                        |.....}........--------     |                           
                        |.....}......---                                        
                        --------------                                          
                                                                                
                                                                                
                                                                                
                                                                                
                                                                                
                                                                                
                                                                                
Agent the Hatamoto             St:16 Dx:17 Co:18 In:9 Wi:8 Ch:7 Lawful S:0      
Dlvl:1 $:0 HP:15(15) Pw:2(2) AC:4 Xp:1/0                                        

",-0.01,False
50,northeast,,"message:


language observation:
lava near east, southeast, and southsoutheast
area of lava near eastsoutheast
grid bug near eastsoutheast
horizontal wall near southeast and south
vertical wall near southwest and west
horizontal wall adjacent north, northeast, and northwest
stairs up adjacent southwest

cursor:
Yourself a samurai
(x=27, y=9)

map:
                                                                                
                                                                                
                                                                                
                                                                                
                                                                                
                                                                                
                                                                                
                        --------------                                          
                        |..@..}......---                                        
                        |.<...}x.......--------     |                           
                        |.....}.....................|                           
                        |.....}........--------     |                           
                        |.....}......---                                        
                        --------------                                          
                                                                                
                                                                                
                                                                                
                                                                                
                                                                                
                                                                                
                                                                                
Agent the Hatamoto             St:16 Dx:17 Co:18 In:9 Wi:8 Ch:7 Lawful S:0      
Dlvl:1 $:0 HP:15(15) Pw:2(2) AC:4 Xp:1/0                                        

",0.0,False
51,far east,,"message:
You stop at the edge of the lava.

language observation:
southwest corner far east
grid bug near east
horizontal wall near southeast and south
area of lava near southsoutheast
southwest corner near southwest
stairs up near westsouthwest
vertical wall near west
lava very near southsoutheast
horizontal wall adjacent north, northeast, and northwest
lava adjacent east and southeast

cursor:
Yourself a samurai
(x=29, y=9)

map:
                                                                                
                                                                                
                                                                                
                                                                                
                                                                                
                                                                                
                                                                                
                        --------------                                          
                        |....@}.x....---                                        
                        |.<...}........--------     |                           
                        |.....}.....................|                           
                        |.....}........--------     |                           
                        |.....}......---                                        
                        --------------                                          
                                                                                
                                                                                
                                                                                
                                                                                
                                                                                
                                                                                
                                                                                
Agent the Hatamoto             St:16 Dx:17 Co:18 In:9 Wi:8 Ch:7 Lawful S:0      
Dlvl:1 $:0 HP:15(15) Pw:2(2) AC:4 Xp:1/0                                        

",0.0,False
52,zap,,"message:
What do you want to zap? [f or ?*]

language observation:
southwest corner far east
grid bug near east
horizontal wall near southeast and south
area of lava near southsoutheast
southwest corner near southwest
stairs up near westsouthwest
vertical wall near west
lava very near southsoutheast
horizontal wall adjacent north, northeast, and northwest
lava adjacent east and southeast

cursor:

(x=35, y=0)

map:
                                                                                
                                                                                
                                                                                
                                                                                
                                                                                
                                                                                
                                                                                
                        --------------                                          
                        |....@}.x....---                                        
                        |.<...}........--------     |                           
                        |.....}.....................|                           
                        |.....}........--------     |                           
                        |.....}......---                                        
                        --------------                                          
                                                                                
                                                                                
                                                                                
                                                                                
                                                                                
                                                                                
                                                                                
Agent the Hatamoto             St:16 Dx:17 Co:18 In:9 Wi:8 Ch:7 Lawful S:0      
Dlvl:1 $:0 HP:15(15) Pw:2(2) AC:4 Xp:1/0                                        

",-0.01,False
53,more,,"message:
Never mind.

language observation:
southwest corner far east
grid bug near east
horizontal wall near southeast and south
area of lava near southsoutheast
southwest corner near southwest
stairs up near westsouthwest
vertical wall near west
lava very near southsoutheast
horizontal wall adjacent north, northeast, and northwest
lava adjacent east and southeast

cursor:
Yourself a samurai
(x=29, y=9)

map:
                                                                                
                                                                                
                                                                                
                                                                                
                                                                                
                                                                                
                                                                                
                        --------------                                          
                        |....@}.x....---                                        
                        |.<...}........--------     |                           
                        |.....}.....................|                           
                        |.....}........--------     |                           
                        |.....}......---                                        
                        --------------                                          
                                                                                
                                                                                
                                                                                
                                                                                
                                                                                
                                                                                
                                                                                
Agent the Hatamoto             St:16 Dx:17 Co:18 In:9 Wi:8 Ch:7 Lawful S:0      
Dlvl:1 $:0 HP:15(15) Pw:2(2) AC:4 Xp:1/0                                        

",-0.01,False
54,search,,"message:


language observation:
southwest corner far east
grid bug near east
horizontal wall near southeast and south
area of lava near southsoutheast
southwest corner near southwest
stairs up near westsouthwest
vertical wall near west
lava very near southsoutheast
horizontal wall adjacent north, northeast, and northwest
lava adjacent east and southeast

cursor:
Yourself a samurai
(x=29, y=9)

map:
                                                                                
                                                                                
                                                                                
                                                                                
                                                                                
                                                                                
                                                                                
                        --------------                                          
                        |....@}.x....---                                        
                        |.<...}........--------     |                           
                        |.....}.....................|                           
                        |.....}........--------     |                           
                        |.....}......---                                        
                        --------------                                          
                                                                                
                                                                                
                                                                                
                                                                                
                                                                                
                                                                                
                                                                                
Agent the Hatamoto             St:16 Dx:17 Co:18 In:9 Wi:8 Ch:7 Lawful S:0      
Dlvl:1 $:0 HP:15(15) Pw:2(2) AC:4 Xp:1/0                                        

",0.0,False
55,far south,,"message:
It's a wall.

language observation:
northwest room corner far east
horizontal wall near north and northeast
area of lava near northnortheast
vertical wall near west
stairs up near northwest
northwest room corner near northwest
lava very near northnortheast
grid bug very near northeast
lava adjacent northeast and east
horizontal wall adjacent southeast, south, and southwest

cursor:
Yourself a samurai
(x=29, y=13)

map:
                                                                                
                                                                                
                                                                                
                                                                                
                                                                                
                                                                                
                                                                                
                        --------------                                          
                        |.....}......---                                        
                        |.<...}........--------     |                           
                        |.....}x....................|                           
                        |.....}........--------     |                           
                        |....@}......---                                        
                        --------------                                          
                                                                                
                                                                                
                                                                                
                                                                                
                                                                                
                                                                                
                                                                                
Agent the Hatamoto             St:16 Dx:17 Co:18 In:9 Wi:8 Ch:7 Lawful S:0      
Dlvl:1 $:0 HP:15(15) Pw:2(2) AC:4 Xp:1/0                                        

",0.0,False
56,search,,"message:


language observation:
northwest room corner far east
horizontal wall near north and northeast
area of lava near northnortheast
vertical wall near west
stairs up near northwest
northwest room corner near northwest
lava very near northnortheast
grid bug very near eastnortheast
lava adjacent northeast and east
horizontal wall adjacent southeast, south, and southwest

cursor:
Yourself a samurai
(x=29, y=13)

map:
                                                                                
                                                                                
                                                                                
                                                                                
                                                                                
                                                                                
                                                                                
                        --------------                                          
                        |.....}......---                                        
                        |.<...}........--------     |                           
                        |.....}.....................|                           
                        |.....}x.......--------     |                           
                        |....@}......---                                        
                        --------------                                          
                                                                                
                                                                                
                                                                                
                                                                                
                                                                                
                                                                                
                                                                                
Agent the Hatamoto             St:16 Dx:17 Co:18 In:9 Wi:8 Ch:7 Lawful S:0      
Dlvl:1 $:0 HP:15(15) Pw:2(2) AC:4 Xp:1/0                                        

",-0.01,False
57,zap,,"message:
What do you want to zap? [f or ?*]

language observation:
northwest room corner far east
horizontal wall near north and northeast
area of lava near northnortheast
vertical wall near west
stairs up near northwest
northwest room corner near northwest
lava very near northnortheast
grid bug very near eastnortheast
lava adjacent northeast and east
horizontal wall adjacent southeast, south, and southwest

cursor:

(x=35, y=0)

map:
                                                                                
                                                                                
                                                                                
                                                                                
                                                                                
                                                                                
                                                                                
                        --------------                                          
                        |.....}......---                                        
                        |.<...}........--------     |                           
                        |.....}.....................|                           
                        |.....}x.......--------     |                           
                        |....@}......---                                        
                        --------------                                          
                                                                                
                                                                                
                                                                                
                                                                                
                                                                                
                                                                                
                                                                                
Agent the Hatamoto             St:16 Dx:17 Co:18 In:9 Wi:8 Ch:7 Lawful S:0      
Dlvl:1 $:0 HP:15(15) Pw:2(2) AC:4 Xp:1/0                                        

",-0.01,False
58,force,,"message:
What do you want to zap? [f or ?*]

language observation:
northwest room corner far east
horizontal wall near north and northeast
area of lava near northnortheast
vertical wall near west
stairs up near northwest
northwest room corner near northwest
lava very near northnortheast
grid bug very near eastnortheast
lava adjacent northeast and east
horizontal wall adjacent southeast, south, and southwest

cursor:

(x=35, y=0)

map:
                                                                                
                                                                                
                                                                                
                                                                                
                                                                                
                                                                                
                                                                                
                        --------------                                          
                        |.....}......---                                        
                        |.<...}........--------     |                           
                        |.....}.....................|                           
                        |.....}x.......--------     |                           
                        |....@}......---                                        
                        --------------                                          
                                                                                
                                                                                
                                                                                
                                                                                
                                                                                
                                                                                
                                                                                
Agent the Hatamoto             St:16 Dx:17 Co:18 In:9 Wi:8 Ch:7 Lawful S:0      
Dlvl:1 $:0 HP:15(15) Pw:2(2) AC:4 Xp:1/0                                        

",-0.01,False
59,more,,"message:
Never mind.

language observation:
northwest room corner far east
horizontal wall near north and northeast
area of lava near northnortheast
vertical wall near west
stairs up near northwest
northwest room corner near northwest
lava very near northnortheast
grid bug very near eastnortheast
lava adjacent northeast and east
horizontal wall adjacent southeast, south, and southwest

cursor:
Yourself a samurai
(x=29, y=13)

map:
                                                                                
                                                                                
                                                                                
                                                                                
                                                                                
                                                                                
                                                                                
                        --------------                                          
                        |.....}......---                                        
                        |.<...}........--------     |                           
                        |.....}.....................|                           
                        |.....}x.......--------     |                           
                        |....@}......---                                        
                        --------------                                          
                                                                                
                                                                                
                                                                                
                                                                                
                                                                                
                                                                                
                                                                                
Agent the Hatamoto             St:16 Dx:17 Co:18 In:9 Wi:8 Ch:7 Lawful S:0      
Dlvl:1 $:0 HP:15(15) Pw:2(2) AC:4 Xp:1/0                                        

",-0.01,False
60,search,,"message:


language observation:
northwest room corner far east
horizontal wall near north and northeast
area of lava near northnortheast
vertical wall near west
stairs up near northwest
northwest room corner near northwest
lava very near northnortheast
grid bug very near eastnortheast
lava adjacent northeast and east
horizontal wall adjacent southeast, south, and southwest

cursor:
Yourself a samurai
(x=29, y=13)

map:
                                                                                
                                                                                
                                                                                
                                                                                
                                                                                
                                                                                
                                                                                
                        --------------                                          
                        |.....}......---                                        
                        |.<...}........--------     |                           
                        |.....}.....................|                           
                        |.....}x.......--------     |                           
                        |....@}......---                                        
                        --------------                                          
                                                                                
                                                                                
                                                                                
                                                                                
                                                                                
                                                                                
                                                                                
Agent the Hatamoto             St:16 Dx:17 Co:18 In:9 Wi:8 Ch:7 Lawful S:0      
Dlvl:1 $:0 HP:15(15) Pw:2(2) AC:4 Xp:1/0                                        

",0.0,False
61,zap,,"message:
What do you want to zap? [f or ?*]

language observation:
northwest room corner far east
horizontal wall near north and northeast
area of lava near northnortheast
vertical wall near west
stairs up near northwest
northwest room corner near northwest
lava very near northnortheast
grid bug very near eastnortheast
lava adjacent northeast and east
horizontal wall adjacent southeast, south, and southwest

cursor:

(x=35, y=0)

map:
                                                                                
                                                                                
                                                                                
                                                                                
                                                                                
                                                                                
                                                                                
                        --------------                                          
                        |.....}......---                                        
                        |.<...}........--------     |                           
                        |.....}.....................|                           
                        |.....}x.......--------     |                           
                        |....@}......---                                        
                        --------------                                          
                                                                                
                                                                                
                                                                                
                                                                                
                                                                                
                                                                                
                                                                                
Agent the Hatamoto             St:16 Dx:17 Co:18 In:9 Wi:8 Ch:7 Lawful S:0      
Dlvl:1 $:0 HP:15(15) Pw:2(2) AC:4 Xp:1/0                                        

",-0.01,False
62,east,,"message:
What do you want to zap? [f or ?*]

language observation:
northwest room corner far east
horizontal wall near north and northeast
area of lava near northnortheast
vertical wall near west
stairs up near northwest
northwest room corner near northwest
lava very near northnortheast
grid bug very near eastnortheast
lava adjacent northeast and east
horizontal wall adjacent southeast, south, and southwest

cursor:

(x=35, y=0)

map:
                                                                                
                                                                                
                                                                                
                                                                                
                                                                                
                                                                                
                                                                                
                        --------------                                          
                        |.....}......---                                        
                        |.<...}........--------     |                           
                        |.....}.....................|                           
                        |.....}x.......--------     |                           
                        |....@}......---                                        
                        --------------                                          
                                                                                
                                                                                
                                                                                
                                                                                
                                                                                
                                                                                
                                                                                
Agent the Hatamoto             St:16 Dx:17 Co:18 In:9 Wi:8 Ch:7 Lawful S:0      
Dlvl:1 $:0 HP:15(15) Pw:2(2) AC:4 Xp:1/0                                        

",-0.01,False
63,more,,"message:
Never mind.

language observation:
northwest room corner far east
horizontal wall near north and northeast
area of lava near northnortheast
vertical wall near west
stairs up near northwest
northwest room corner near northwest
lava very near northnortheast
grid bug very near eastnortheast
lava adjacent northeast and east
horizontal wall adjacent southeast, south, and southwest

cursor:
Yourself a samurai
(x=29, y=13)

map:
                                                                                
                                                                                
                                                                                
                                                                                
                                                                                
                                                                                
                                                                                
                        --------------                                          
                        |.....}......---                                        
                        |.<...}........--------     |                           
                        |.....}.....................|                           
                        |.....}x.......--------     |                           
                        |....@}......---                                        
                        --------------                                          
                                                                                
                                                                                
                                                                                
                                                                                
                                                                                
                                                                                
                                                                                
Agent the Hatamoto             St:16 Dx:17 Co:18 In:9 Wi:8 Ch:7 Lawful S:0      
Dlvl:1 $:0 HP:15(15) Pw:2(2) AC:4 Xp:1/0                                        

",-0.01,False
64,apply,,"message:
What do you want to use or apply? [fg or ?*]

language observation:
northwest room corner far east
horizontal wall near north and northeast
area of lava near northnortheast
vertical wall near west
stairs up near northwest
northwest room corner near northwest
lava very near northnortheast
grid bug very near eastnortheast
lava adjacent northeast and east
horizontal wall adjacent southeast, south, and southwest

cursor:

(x=45, y=0)

map:
                                                                                
                                                                                
                                                                                
                                                                                
                                                                                
                                                                                
                                                                                
                        --------------                                          
                        |.....}......---                                        
                        |.<...}........--------     |                           
                        |.....}.....................|                           
                        |.....}x.......--------     |                           
                        |....@}......---                                        
                        --------------                                          
                                                                                
                                                                                
                                                                                
                                                                                
                                                                                
                                                                                
                                                                                
Agent the Hatamoto             St:16 Dx:17 Co:18 In:9 Wi:8 Ch:7 Lawful S:0      
Dlvl:1 $:0 HP:15(15) Pw:2(2) AC:4 Xp:1/0                                        

",-0.01,False
65,far east,,"message:
What do you want to use or apply? [fg or ?*]

language observation:
northwest room corner far east
horizontal wall near north and northeast
area of lava near northnortheast
vertical wall near west
stairs up near northwest
northwest room corner near northwest
lava very near northnortheast
grid bug very near eastnortheast
lava adjacent northeast and east
horizontal wall adjacent southeast, south, and southwest

cursor:

(x=45, y=0)

map:
                                                                                
                                                                                
                                                                                
                                                                                
                                                                                
                                                                                
                                                                                
                        --------------                                          
                        |.....}......---                                        
                        |.<...}........--------     |                           
                        |.....}.....................|                           
                        |.....}x.......--------     |                           
                        |....@}......---                                        
                        --------------                                          
                                                                                
                                                                                
                                                                                
                                                                                
                                                                                
                                                                                
                                                                                
Agent the Hatamoto             St:16 Dx:17 Co:18 In:9 Wi:8 Ch:7 Lawful S:0      
Dlvl:1 $:0 HP:15(15) Pw:2(2) AC:4 Xp:1/0                                        

",-0.01,False
66,more,,"message:
Never mind.

language observation:
northwest room corner far east
horizontal wall near north and northeast
area of lava near northnortheast
vertical wall near west
stairs up near northwest
northwest room corner near northwest
lava very near northnortheast
grid bug very near eastnortheast
lava adjacent northeast and east
horizontal wall adjacent southeast, south, and southwest

cursor:
Yourself a samurai
(x=29, y=13)

map:
                                                                                
                                                                                
                                                                                
                                                                                
                                                                                
                                                                                
                                                                                
                        --------------                                          
                        |.....}......---                                        
                        |.<...}........--------     |                           
                        |.....}.....................|                           
                        |.....}x.......--------     |                           
                        |....@}......---                                        
                        --------------                                          
                                                                                
                                                                                
                                                                                
                                                                                
                                                                                
                                                                                
                                                                                
Agent the Hatamoto             St:16 Dx:17 Co:18 In:9 Wi:8 Ch:7 Lawful S:0      
Dlvl:1 $:0 HP:15(15) Pw:2(2) AC:4 Xp:1/0                                        

",-0.01,False
67,north,,"message:


language observation:
lichen far eastnortheast
horizontal wall near north, northeast, and northwest
lava near northnortheast
vertical wall near west
stairs up near westnorthwest
lava very near northnortheast
grid bug very near eastsoutheast
horizontal wall very near southeast, south, and southwest
lava adjacent northeast, east, and southeast

cursor:
Yourself a samurai
(x=29, y=12)

map:
                                                                                
                                                                                
                                                                                
                                                                                
                                                                                
                                                                                
                                                                                
                        --------------                                          
                        |.....}......---                                        
                        |.<...}........--------     |                           
                        |.....}...............F.....|                           
                        |....@}........--------     |                           
                        |.....}x.....---                                        
                        --------------                                          
                                                                                
                                                                                
                                                                                
                                                                                
                                                                                
                                                                                
                                                                                
Agent the Hatamoto             St:16 Dx:17 Co:18 In:9 Wi:8 Ch:7 Lawful S:0      
Dlvl:1 $:0 HP:15(15) Pw:2(2) AC:4 Xp:1/0                                        

",-0.01,False
68,far west,,"message:
It's a wall.

language observation:
lichen very far eastnortheast
grid bug far east
horizontal wall near north and northeast
lava near east and eastsoutheast
area of lava near eastnortheast
stairs up very near northnortheast
horizontal wall very near southeast and south
vertical wall adjacent southwest, west, and northwest

cursor:
Yourself a samurai
(x=25, y=12)

map:
                                                                                
                                                                                
                                                                                
                                                                                
                                                                                
                                                                                
                                                                                
                        --------------                                          
                        |.....}......---                                        
                        |.<...}........--------     |                           
                        |.....}...............F.....|                           
                        |@....}.x......--------     |                           
                        |.....}......---                                        
                        --------------                                          
                                                                                
                                                                                
                                                                                
                                                                                
                                                                                
                                                                                
                                                                                
Agent the Hatamoto             St:16 Dx:17 Co:18 In:9 Wi:8 Ch:7 Lawful S:0      
Dlvl:1 $:0 HP:15(15) Pw:2(2) AC:4 Xp:1/0                                        

",0.0,False
69,far north,,"message:
It's a wall.

language observation:
grid bug far eastsoutheast
lava near east
area of lava near eastsoutheast
horizontal wall near southeast and south
horizontal wall adjacent north and northeast
stairs up adjacent southeast
vertical wall adjacent southwest and west
northwest room corner adjacent northwest

cursor:
Yourself a samurai
(x=25, y=9)

map:
                                                                                
                                                                                
                                                                                
                                                                                
                                                                                
                                                                                
                                                                                
                        --------------                                          
                        |@....}......---                                        
                        |.<...}x.......--------     |                           
                        |.....}.....................|                           
                        |.....}........--------     |                           
                        |.....}......---                                        
                        --------------                                          
                                                                                
                                                                                
                                                                                
                                                                                
                                                                                
                                                                                
                                                                                
Agent the Hatamoto             St:16 Dx:17 Co:18 In:9 Wi:8 Ch:7 Lawful S:0      
Dlvl:1 $:0 HP:15(15) Pw:2(2) AC:4 Xp:1/0                                        

",0.0,False
70,zap,,"message:
What do you want to zap? [f or ?*]

language observation:
grid bug far eastsoutheast
lava near east
area of lava near eastsoutheast
horizontal wall near southeast and south
horizontal wall adjacent north and northeast
stairs up adjacent southeast
vertical wall adjacent southwest and west
northwest room corner adjacent northwest

cursor:

(x=35, y=0)

map:
                                                                                
                                                                                
                                                                                
                                                                                
                                                                                
                                                                                
                                                                                
                        --------------                                          
                        |@....}......---                                        
                        |.<...}x.......--------     |                           
                        |.....}.....................|                           
                        |.....}........--------     |                           
                        |.....}......---                                        
                        --------------                                          
                                                                                
                                                                                
                                                                                
                                                                                
                                                                                
                                                                                
                                                                                
Agent the Hatamoto             St:16 Dx:17 Co:18 In:9 Wi:8 Ch:7 Lawful S:0      
Dlvl:1 $:0 HP:15(15) Pw:2(2) AC:4 Xp:1/0                                        

",-0.01,False
71,more,,"message:
Never mind.

language observation:
grid bug far eastsoutheast
lava near east
area of lava near eastsoutheast
horizontal wall near southeast and south
horizontal wall adjacent north and northeast
stairs up adjacent southeast
vertical wall adjacent southwest and west
northwest room corner adjacent northwest

cursor:
Yourself a samurai
(x=25, y=9)

map:
                                                                                
                                                                                
                                                                                
                                                                                
                                                                                
                                                                                
                                                                                
                        --------------                                          
                        |@....}......---                                        
                        |.<...}x.......--------     |                           
                        |.....}.....................|                           
                        |.....}........--------     |                           
                        |.....}......---                                        
                        --------------                                          
                                                                                
                                                                                
                                                                                
                                                                                
                                                                                
                                                                                
                                                                                
Agent the Hatamoto             St:16 Dx:17 Co:18 In:9 Wi:8 Ch:7 Lawful S:0      
Dlvl:1 $:0 HP:15(15) Pw:2(2) AC:4 Xp:1/0                                        

",-0.01,False
72,far east,,"message:
You stop at the edge of the lava.

language observation:
southwest corner far east
grid bug near eastsoutheast
horizontal wall near southeast and south
area of lava near southsoutheast
southwest corner near southwest
stairs up near westsouthwest
vertical wall near west
lava very near southsoutheast
horizontal wall adjacent north, northeast, and northwest
lava adjacent east and southeast

cursor:
Yourself a samurai
(x=29, y=9)

map:
                                                                                
                                                                                
                                                                                
                                                                                
                                                                                
                                                                                
                                                                                
                        --------------                                          
                        |....@}......---                                        
                        |.<...}.x......--------     |                           
                        |.....}.....................|                           
                        |.....}........--------     |                           
                        |.....}......---                                        
                        --------------                                          
                                                                                
                                                                                
                                                                                
                                                                                
                                                                                
                                                                                
                                                                                
Agent the Hatamoto             St:16 Dx:17 Co:18 In:9 Wi:8 Ch:7 Lawful S:0      
Dlvl:1 $:0 HP:15(15) Pw:2(2) AC:4 Xp:1/0                                        

",0.0,False
73,search,,"message:


language observation:
southwest corner far east
grid bug near eastsoutheast
horizontal wall near southeast and south
area of lava near southsoutheast
southwest corner near southwest
stairs up near westsouthwest
vertical wall near west
lava very near southsoutheast
horizontal wall adjacent north, northeast, and northwest
lava adjacent east and southeast

cursor:
Yourself a samurai
(x=29, y=9)

map:
                                                                                
                                                                                
                                                                                
                                                                                
                                                                                
                                                                                
                                                                                
                        --------------                                          
                        |....@}......---                                        
                        |.<...}.x......--------     |                           
                        |.....}.....................|                           
                        |.....}........--------     |                           
                        |.....}......---                                        
                        --------------                                          
                                                                                
                                                                                
                                                                                
                                                                                
                                                                                
                                                                                
                                                                                
Agent the Hatamoto             St:16 Dx:17 Co:18 In:9 Wi:8 Ch:7 Lawful S:0      
Dlvl:1 $:0 HP:15(15) Pw:2(2) AC:4 Xp:1/0                                        

",0.0,False
74,zap,,"message:
What do you want to zap? [f or ?*]

language observation:
southwest corner far east
grid bug near eastsoutheast
horizontal wall near southeast and south
area of lava near southsoutheast
southwest corner near southwest
stairs up near westsouthwest
vertical wall near west
lava very near southsoutheast
horizontal wall adjacent north, northeast, and northwest
lava adjacent east and southeast

cursor:

(x=35, y=0)

map:
                                                                                
                                                                                
                                                                                
                                                                                
                                                                                
                                                                                
                                                                                
                        --------------                                          
                        |....@}......---                                        
                        |.<...}.x......--------     |                           
                        |.....}.....................|                           
                        |.....}........--------     |                           
                        |.....}......---                                        
                        --------------                                          
                                                                                
                                                                                
                                                                                
                                                                                
                                                                                
                                                                                
                                                                                
Agent the Hatamoto             St:16 Dx:17 Co:18 In:9 Wi:8 Ch:7 Lawful S:0      
Dlvl:1 $:0 HP:15(15) Pw:2(2) AC:4 Xp:1/0                                        

",-0.01,False
75,force,,"message:
What do you want to zap? [f or ?*]

language observation:
southwest corner far east
grid bug near eastsoutheast
horizontal wall near southeast and south
area of lava near southsoutheast
southwest corner near southwest
stairs up near westsouthwest
vertical wall near west
lava very near southsoutheast
horizontal wall adjacent north, northeast, and northwest
lava adjacent east and southeast

cursor:

(x=35, y=0)

map:
                                                                                
                                                                                
                                                                                
                                                                                
                                                                                
                                                                                
                                                                                
                        --------------                                          
                        |....@}......---                                        
                        |.<...}.x......--------     |                           
                        |.....}.....................|                           
                        |.....}........--------     |                           
                        |.....}......---                                        
                        --------------                                          
                                                                                
                                                                                
                                                                                
                                                                                
                                                                                
                                                                                
                                                                                
Agent the Hatamoto             St:16 Dx:17 Co:18 In:9 Wi:8 Ch:7 Lawful S:0      
Dlvl:1 $:0 HP:15(15) Pw:2(2) AC:4 Xp:1/0                                        

",-0.01,False
76,wait,,"message:
What do you want to zap? [f or ?*]

language observation:
southwest corner far east
grid bug near eastsoutheast
horizontal wall near southeast and south
area of lava near southsoutheast
southwest corner near southwest
stairs up near westsouthwest
vertical wall near west
lava very near southsoutheast
horizontal wall adjacent north, northeast, and northwest
lava adjacent east and southeast

cursor:

(x=35, y=0)

map:
                                                                                
                                                                                
                                                                                
                                                                                
                                                                                
                                                                                
                                                                                
                        --------------                                          
                        |....@}......---                                        
                        |.<...}.x......--------     |                           
                        |.....}.....................|                           
                        |.....}........--------     |                           
                        |.....}......---                                        
                        --------------                                          
                                                                                
                                                                                
                                                                                
                                                                                
                                                                                
                                                                                
                                                                                
Agent the Hatamoto             St:16 Dx:17 Co:18 In:9 Wi:8 Ch:7 Lawful S:0      
Dlvl:1 $:0 HP:15(15) Pw:2(2) AC:4 Xp:1/0                                        

",-0.01,False
77,more,,"message:
Never mind.

language observation:
southwest corner far east
grid bug near eastsoutheast
horizontal wall near southeast and south
area of lava near southsoutheast
southwest corner near southwest
stairs up near westsouthwest
vertical wall near west
lava very near southsoutheast
horizontal wall adjacent north, northeast, and northwest
lava adjacent east and southeast

cursor:
Yourself a samurai
(x=29, y=9)

map:
                                                                                
                                                                                
                                                                                
                                                                                
                                                                                
                                                                                
                                                                                
                        --------------                                          
                        |....@}......---                                        
                        |.<...}.x......--------     |                           
                        |.....}.....................|                           
                        |.....}........--------     |                           
                        |.....}......---                                        
                        --------------                                          
                                                                                
                                                                                
                                                                                
                                                                                
                                                                                
                                                                                
                                                                                
Agent the Hatamoto             St:16 Dx:17 Co:18 In:9 Wi:8 Ch:7 Lawful S:0      
Dlvl:1 $:0 HP:15(15) Pw:2(2) AC:4 Xp:1/0                                        

",-0.01,False
78,apply,,"message:
What do you want to use or apply? [fg or ?*]

language observation:
southwest corner far east
grid bug near eastsoutheast
horizontal wall near southeast and south
area of lava near southsoutheast
southwest corner near southwest
stairs up near westsouthwest
vertical wall near west
lava very near southsoutheast
horizontal wall adjacent north, northeast, and northwest
lava adjacent east and southeast

cursor:

(x=45, y=0)

map:
                                                                                
                                                                                
                                                                                
                                                                                
                                                                                
                                                                                
                                                                                
                        --------------                                          
                        |....@}......---                                        
                        |.<...}.x......--------     |                           
                        |.....}.....................|                           
                        |.....}........--------     |                           
                        |.....}......---                                        
                        --------------                                          
                                                                                
                                                                                
                                                                                
                                                                                
                                                                                
                                                                                
                                                                                
Agent the Hatamoto             St:16 Dx:17 Co:18 In:9 Wi:8 Ch:7 Lawful S:0      
Dlvl:1 $:0 HP:15(15) Pw:2(2) AC:4 Xp:1/0                                        

",-0.01,False
79,more,,"message:
Never mind.

language observation:
southwest corner far east
grid bug near eastsoutheast
horizontal wall near southeast and south
area of lava near southsoutheast
southwest corner near southwest
stairs up near westsouthwest
vertical wall near west
lava very near southsoutheast
horizontal wall adjacent north, northeast, and northwest
lava adjacent east and southeast

cursor:
Yourself a samurai
(x=29, y=9)

map:
                                                                                
                                                                                
                                                                                
                                                                                
                                                                                
                                                                                
                                                                                
                        --------------                                          
                        |....@}......---                                        
                        |.<...}.x......--------     |                           
                        |.....}.....................|                           
                        |.....}........--------     |                           
                        |.....}......---                                        
                        --------------                                          
                                                                                
                                                                                
                                                                                
                                                                                
                                                                                
                                                                                
                                                                                
Agent the Hatamoto             St:16 Dx:17 Co:18 In:9 Wi:8 Ch:7 Lawful S:0      
Dlvl:1 $:0 HP:15(15) Pw:2(2) AC:4 Xp:1/0                                        

",-0.01,False
80,zap,,"message:
What do you want to zap? [f or ?*]

language observation:
southwest corner far east
grid bug near eastsoutheast
horizontal wall near southeast and south
area of lava near southsoutheast
southwest corner near southwest
stairs up near westsouthwest
vertical wall near west
lava very near southsoutheast
horizontal wall adjacent north, northeast, and northwest
lava adjacent east and southeast

cursor:

(x=35, y=0)

map:
                                                                                
                                                                                
                                                                                
                                                                                
                                                                                
                                                                                
                                                                                
                        --------------                                          
                        |....@}......---                                        
                        |.<...}.x......--------     |                           
                        |.....}.....................|                           
                        |.....}........--------     |                           
                        |.....}......---                                        
                        --------------                                          
                                                                                
                                                                                
                                                                                
                                                                                
                                                                                
                                                                                
                                                                                
Agent the Hatamoto             St:16 Dx:17 Co:18 In:9 Wi:8 Ch:7 Lawful S:0      
Dlvl:1 $:0 HP:15(15) Pw:2(2) AC:4 Xp:1/0                                        

",-0.01,False
81,more,,"message:
Never mind.

language observation:
southwest corner far east
grid bug near eastsoutheast
horizontal wall near southeast and south
area of lava near southsoutheast
southwest corner near southwest
stairs up near westsouthwest
vertical wall near west
lava very near southsoutheast
horizontal wall adjacent north, northeast, and northwest
lava adjacent east and southeast

cursor:
Yourself a samurai
(x=29, y=9)

map:
                                                                                
                                                                                
                                                                                
                                                                                
                                                                                
                                                                                
                                                                                
                        --------------                                          
                        |....@}......---                                        
                        |.<...}.x......--------     |                           
                        |.....}.....................|                           
                        |.....}........--------     |                           
                        |.....}......---                                        
                        --------------                                          
                                                                                
                                                                                
                                                                                
                                                                                
                                                                                
                                                                                
                                                                                
Agent the Hatamoto             St:16 Dx:17 Co:18 In:9 Wi:8 Ch:7 Lawful S:0      
Dlvl:1 $:0 HP:15(15) Pw:2(2) AC:4 Xp:1/0                                        

",-0.01,False
82,search,,"message:


language observation:
southwest corner far east
grid bug near eastsoutheast
horizontal wall near southeast and south
area of lava near southsoutheast
southwest corner near southwest
stairs up near westsouthwest
vertical wall near west
lava very near southsoutheast
horizontal wall adjacent north, northeast, and northwest
lava adjacent east and southeast

cursor:
Yourself a samurai
(x=29, y=9)

map:
                                                                                
                                                                                
                                                                                
                                                                                
                                                                                
                                                                                
                                                                                
                        --------------                                          
                        |....@}......---                                        
                        |.<...}........--------     |                           
                        |.....}.x...................|                           
                        |.....}........--------     |                           
                        |.....}......---                                        
                        --------------                                          
                                                                                
                                                                                
                                                                                
                                                                                
                                                                                
                                                                                
                                                                                
Agent the Hatamoto             St:16 Dx:17 Co:18 In:9 Wi:8 Ch:7 Lawful S:0      
Dlvl:1 $:0 HP:15(15) Pw:2(2) AC:4 Xp:1/0                                        

",0.0,False
83,zap,,"message:
What do you want to zap? [f or ?*]

language observation:
southwest corner far east
grid bug near eastsoutheast
horizontal wall near southeast and south
area of lava near southsoutheast
southwest corner near southwest
stairs up near westsouthwest
vertical wall near west
lava very near southsoutheast
horizontal wall adjacent north, northeast, and northwest
lava adjacent east and southeast

cursor:

(x=35, y=0)

map:
                                                                                
                                                                                
                                                                                
                                                                                
                                                                                
                                                                                
                                                                                
                        --------------                                          
                        |....@}......---                                        
                        |.<...}........--------     |                           
                        |.....}.x...................|                           
                        |.....}........--------     |                           
                        |.....}......---                                        
                        --------------                                          
                                                                                
                                                                                
                                                                                
                                                                                
                                                                                
                                                                                
                                                                                
Agent the Hatamoto             St:16 Dx:17 Co:18 In:9 Wi:8 Ch:7 Lawful S:0      
Dlvl:1 $:0 HP:15(15) Pw:2(2) AC:4 Xp:1/0                                        

",-0.01,False
84,more,,"message:
Never mind.

language observation:
southwest corner far east
grid bug near eastsoutheast
horizontal wall near southeast and south
area of lava near southsoutheast
southwest corner near southwest
stairs up near westsouthwest
vertical wall near west
lava very near southsoutheast
horizontal wall adjacent north, northeast, and northwest
lava adjacent east and southeast

cursor:
Yourself a samurai
(x=29, y=9)

map:
                                                                                
                                                                                
                                                                                
                                                                                
                                                                                
                                                                                
                                                                                
                        --------------                                          
                        |....@}......---                                        
                        |.<...}........--------     |                           
                        |.....}.x...................|                           
                        |.....}........--------     |                           
                        |.....}......---                                        
                        --------------                                          
                                                                                
                                                                                
                                                                                
                                                                                
                                                                                
                                                                                
                                                                                
Agent the Hatamoto             St:16 Dx:17 Co:18 In:9 Wi:8 Ch:7 Lawful S:0      
Dlvl:1 $:0 HP:15(15) Pw:2(2) AC:4 Xp:1/0                                        

",-0.01,False
85,far south,,"message:
It's a wall.

language observation:
northwest room corner far east
horizontal wall near north and northeast
area of lava near northnortheast
grid bug near northnortheast
vertical wall near west
stairs up near northwest
northwest room corner near northwest
lava very near northnortheast
lava adjacent northeast and east
horizontal wall adjacent southeast, south, and southwest

cursor:
Yourself a samurai
(x=29, y=13)

map:
                                                                                
                                                                                
                                                                                
                                                                                
                                                                                
                                                                                
                                                                                
                        --------------                                          
                        |.....}.x....---                                        
                        |.<...}........--------     |                           
                        |.....}.....................|                           
                        |.....}........--------     |                           
                        |....@}......---                                        
                        --------------                                          
                                                                                
                                                                                
                                                                                
                                                                                
                                                                                
                                                                                
                                                                                
Agent the Hatamoto             St:16 Dx:17 Co:18 In:9 Wi:8 Ch:7 Lawful S:0      
Dlvl:1 $:0 HP:15(15) Pw:2(2) AC:4 Xp:1/0                                        

",0.0,False
86,apply,,"message:
What do you want to use or apply? [fg or ?*]

language observation:
northwest room corner far east
horizontal wall near north and northeast
area of lava near northnortheast
grid bug near northnortheast
vertical wall near west
stairs up near northwest
northwest room corner near northwest
lava very near northnortheast
lava adjacent northeast and east
horizontal wall adjacent southeast, south, and southwest

cursor:

(x=45, y=0)

map:
                                                                                
                                                                                
                                                                                
                                                                                
                                                                                
                                                                                
                                                                                
                        --------------                                          
                        |.....}.x....---                                        
                        |.<...}........--------     |                           
                        |.....}.....................|                           
                        |.....}........--------     |                           
                        |....@}......---                                        
                        --------------                                          
                                                                                
                                                                                
                                                                                
                                                                                
                                                                                
                                                                                
                                                                                
Agent the Hatamoto             St:16 Dx:17 Co:18 In:9 Wi:8 Ch:7 Lawful S:0      
Dlvl:1 $:0 HP:15(15) Pw:2(2) AC:4 Xp:1/0                                        

",-0.01,False
87,more,,"message:
Never mind.

language observation:
northwest room corner far east
horizontal wall near north and northeast
area of lava near northnortheast
grid bug near northnortheast
vertical wall near west
stairs up near northwest
northwest room corner near northwest
lava very near northnortheast
lava adjacent northeast and east
horizontal wall adjacent southeast, south, and southwest

cursor:
Yourself a samurai
(x=29, y=13)

map:
                                                                                
                                                                                
                                                                                
                                                                                
                                                                                
                                                                                
                                                                                
                        --------------                                          
                        |.....}.x....---                                        
                        |.<...}........--------     |                           
                        |.....}.....................|                           
                        |.....}........--------     |                           
                        |....@}......---                                        
                        --------------                                          
                                                                                
                                                                                
                                                                                
                                                                                
                                                                                
                                                                                
                                                                                
Agent the Hatamoto             St:16 Dx:17 Co:18 In:9 Wi:8 Ch:7 Lawful S:0      
Dlvl:1 $:0 HP:15(15) Pw:2(2) AC:4 Xp:1/0                                        

",-0.01,False
88,apply,,"message:
What do you want to use or apply? [fg or ?*]

language observation:
northwest room corner far east
horizontal wall near north and northeast
area of lava near northnortheast
grid bug near northnortheast
vertical wall near west
stairs up near northwest
northwest room corner near northwest
lava very near northnortheast
lava adjacent northeast and east
horizontal wall adjacent southeast, south, and southwest

cursor:

(x=45, y=0)

map:
                                                                                
                                                                                
                                                                                
                                                                                
                                                                                
                                                                                
                                                                                
                        --------------                                          
                        |.....}.x....---                                        
                        |.<...}........--------     |                           
                        |.....}.....................|                           
                        |.....}........--------     |                           
                        |....@}......---                                        
                        --------------                                          
                                                                                
                                                                                
                                                                                
                                                                                
                                                                                
                                                                                
                                                                                
Agent the Hatamoto             St:16 Dx:17 Co:18 In:9 Wi:8 Ch:7 Lawful S:0      
Dlvl:1 $:0 HP:15(15) Pw:2(2) AC:4 Xp:1/0                                        

",-0.01,False
89,more,,"message:
Never mind.

language observation:
northwest room corner far east
horizontal wall near north and northeast
area of lava near northnortheast
grid bug near northnortheast
vertical wall near west
stairs up near northwest
northwest room corner near northwest
lava very near northnortheast
lava adjacent northeast and east
horizontal wall adjacent southeast, south, and southwest

cursor:
Yourself a samurai
(x=29, y=13)

map:
                                                                                
                                                                                
                                                                                
                                                                                
                                                                                
                                                                                
                                                                                
                        --------------                                          
                        |.....}.x....---                                        
                        |.<...}........--------     |                           
                        |.....}.....................|                           
                        |.....}........--------     |                           
                        |....@}......---                                        
                        --------------                                          
                                                                                
                                                                                
                                                                                
                                                                                
                                                                                
                                                                                
                                                                                
Agent the Hatamoto             St:16 Dx:17 Co:18 In:9 Wi:8 Ch:7 Lawful S:0      
Dlvl:1 $:0 HP:15(15) Pw:2(2) AC:4 Xp:1/0                                        

",-0.01,False
90,search,,"message:


language observation:
northwest room corner far east
horizontal wall near north and northeast
area of lava near northnortheast
grid bug near northeast
vertical wall near west
stairs up near northwest
northwest room corner near northwest
lava very near northnortheast
lava adjacent northeast and east
horizontal wall adjacent southeast, south, and southwest

cursor:
Yourself a samurai
(x=29, y=13)

map:
                                                                                
                                                                                
                                                                                
                                                                                
                                                                                
                                                                                
                                                                                
                        --------------                                          
                        |.....}......---                                        
                        |.<...}.x......--------     |                           
                        |.....}.....................|                           
                        |.....}........--------     |                           
                        |....@}......---                                        
                        --------------                                          
                                                                                
                                                                                
                                                                                
                                                                                
                                                                                
                                                                                
                                                                                
Agent the Hatamoto             St:16 Dx:17 Co:18 In:9 Wi:8 Ch:7 Lawful S:0      
Dlvl:1 $:0 HP:15(15) Pw:2(2) AC:4 Xp:1/0                                        

",0.0,False
91,zap,,"message:
What do you want to zap? [f or ?*]

language observation:
northwest room corner far east
horizontal wall near north and northeast
area of lava near northnortheast
grid bug near northeast
vertical wall near west
stairs up near northwest
northwest room corner near northwest
lava very near northnortheast
lava adjacent northeast and east
horizontal wall adjacent southeast, south, and southwest

cursor:

(x=35, y=0)

map:
                                                                                
                                                                                
                                                                                
                                                                                
                                                                                
                                                                                
                                                                                
                        --------------                                          
                        |.....}......---                                        
                        |.<...}.x......--------     |                           
                        |.....}.....................|                           
                        |.....}........--------     |                           
                        |....@}......---                                        
                        --------------                                          
                                                                                
                                                                                
                                                                                
                                                                                
                                                                                
                                                                                
                                                                                
Agent the Hatamoto             St:16 Dx:17 Co:18 In:9 Wi:8 Ch:7 Lawful S:0      
Dlvl:1 $:0 HP:15(15) Pw:2(2) AC:4 Xp:1/0                                        

",-0.01,False
92,force,,"message:
What do you want to zap? [f or ?*]

language observation:
northwest room corner far east
horizontal wall near north and northeast
area of lava near northnortheast
grid bug near northeast
vertical wall near west
stairs up near northwest
northwest room corner near northwest
lava very near northnortheast
lava adjacent northeast and east
horizontal wall adjacent southeast, south, and southwest

cursor:

(x=35, y=0)

map:
                                                                                
                                                                                
                                                                                
                                                                                
                                                                                
                                                                                
                                                                                
                        --------------                                          
                        |.....}......---                                        
                        |.<...}.x......--------     |                           
                        |.....}.....................|                           
                        |.....}........--------     |                           
                        |....@}......---                                        
                        --------------                                          
                                                                                
                                                                                
                                                                                
                                                                                
                                                                                
                                                                                
                                                                                
Agent the Hatamoto             St:16 Dx:17 Co:18 In:9 Wi:8 Ch:7 Lawful S:0      
Dlvl:1 $:0 HP:15(15) Pw:2(2) AC:4 Xp:1/0                                        

",-0.01,False
93,east,,"message:
What do you want to zap? [f or ?*]

language observation:
northwest room corner far east
horizontal wall near north and northeast
area of lava near northnortheast
grid bug near northeast
vertical wall near west
stairs up near northwest
northwest room corner near northwest
lava very near northnortheast
lava adjacent northeast and east
horizontal wall adjacent southeast, south, and southwest

cursor:

(x=35, y=0)

map:
                                                                                
                                                                                
                                                                                
                                                                                
                                                                                
                                                                                
                                                                                
                        --------------                                          
                        |.....}......---                                        
                        |.<...}.x......--------     |                           
                        |.....}.....................|                           
                        |.....}........--------     |                           
                        |....@}......---                                        
                        --------------                                          
                                                                                
                                                                                
                                                                                
                                                                                
                                                                                
                                                                                
                                                                                
Agent the Hatamoto             St:16 Dx:17 Co:18 In:9 Wi:8 Ch:7 Lawful S:0      
Dlvl:1 $:0 HP:15(15) Pw:2(2) AC:4 Xp:1/0                                        

",-0.01,False
94,far north,,"message:
What do you want to zap? [f or ?*]

language observation:
northwest room corner far east
horizontal wall near north and northeast
area of lava near northnortheast
grid bug near northeast
vertical wall near west
stairs up near northwest
northwest room corner near northwest
lava very near northnortheast
lava adjacent northeast and east
horizontal wall adjacent southeast, south, and southwest

cursor:

(x=35, y=0)

map:
                                                                                
                                                                                
                                                                                
                                                                                
                                                                                
                                                                                
                                                                                
                        --------------                                          
                        |.....}......---                                        
                        |.<...}.x......--------     |                           
                        |.....}.....................|                           
                        |.....}........--------     |                           
                        |....@}......---                                        
                        --------------                                          
                                                                                
                                                                                
                                                                                
                                                                                
                                                                                
                                                                                
                                                                                
Agent the Hatamoto             St:16 Dx:17 Co:18 In:9 Wi:8 Ch:7 Lawful S:0      
Dlvl:1 $:0 HP:15(15) Pw:2(2) AC:4 Xp:1/0                                        

",-0.01,False
95,more,,"message:
Never mind.

language observation:
northwest room corner far east
horizontal wall near north and northeast
area of lava near northnortheast
grid bug near northeast
vertical wall near west
stairs up near northwest
northwest room corner near northwest
lava very near northnortheast
lava adjacent northeast and east
horizontal wall adjacent southeast, south, and southwest

cursor:
Yourself a samurai
(x=29, y=13)

map:
                                                                                
                                                                                
                                                                                
                                                                                
                                                                                
                                                                                
                                                                                
                        --------------                                          
                        |.....}......---                                        
                        |.<...}.x......--------     |                           
                        |.....}.....................|                           
                        |.....}........--------     |                           
                        |....@}......---                                        
                        --------------                                          
                                                                                
                                                                                
                                                                                
                                                                                
                                                                                
                                                                                
                                                                                
Agent the Hatamoto             St:16 Dx:17 Co:18 In:9 Wi:8 Ch:7 Lawful S:0      
Dlvl:1 $:0 HP:15(15) Pw:2(2) AC:4 Xp:1/0                                        

",-0.01,False
96,apply,,"message:
What do you want to use or apply? [fg or ?*]

language observation:
northwest room corner far east
horizontal wall near north and northeast
area of lava near northnortheast
grid bug near northeast
vertical wall near west
stairs up near northwest
northwest room corner near northwest
lava very near northnortheast
lava adjacent northeast and east
horizontal wall adjacent southeast, south, and southwest

cursor:

(x=45, y=0)

map:
                                                                                
                                                                                
                                                                                
                                                                                
                                                                                
                                                                                
                                                                                
                        --------------                                          
                        |.....}......---                                        
                        |.<...}.x......--------     |                           
                        |.....}.....................|                           
                        |.....}........--------     |                           
                        |....@}......---                                        
                        --------------                                          
                                                                                
                                                                                
                                                                                
                                                                                
                                                                                
                                                                                
                                                                                
Agent the Hatamoto             St:16 Dx:17 Co:18 In:9 Wi:8 Ch:7 Lawful S:0      
Dlvl:1 $:0 HP:15(15) Pw:2(2) AC:4 Xp:1/0                                        

",-0.01,False
97,far east,,"message:
What do you want to use or apply? [fg or ?*]

language observation:
northwest room corner far east
horizontal wall near north and northeast
area of lava near northnortheast
grid bug near northeast
vertical wall near west
stairs up near northwest
northwest room corner near northwest
lava very near northnortheast
lava adjacent northeast and east
horizontal wall adjacent southeast, south, and southwest

cursor:

(x=45, y=0)

map:
                                                                                
                                                                                
                                                                                
                                                                                
                                                                                
                                                                                
                                                                                
                        --------------                                          
                        |.....}......---                                        
                        |.<...}.x......--------     |                           
                        |.....}.....................|                           
                        |.....}........--------     |                           
                        |....@}......---                                        
                        --------------                                          
                                                                                
                                                                                
                                                                                
                                                                                
                                                                                
                                                                                
                                                                                
Agent the Hatamoto             St:16 Dx:17 Co:18 In:9 Wi:8 Ch:7 Lawful S:0      
Dlvl:1 $:0 HP:15(15) Pw:2(2) AC:4 Xp:1/0                                        

",-0.01,False
98,more,,"message:
Never mind.

language observation:
northwest room corner far east
horizontal wall near north and northeast
area of lava near northnortheast
grid bug near northeast
vertical wall near west
stairs up near northwest
northwest room corner near northwest
lava very near northnortheast
lava adjacent northeast and east
horizontal wall adjacent southeast, south, and southwest

cursor:
Yourself a samurai
(x=29, y=13)

map:
                                                                                
                                                                                
                                                                                
                                                                                
                                                                                
                                                                                
                                                                                
                        --------------                                          
                        |.....}......---                                        
                        |.<...}.x......--------     |                           
                        |.....}.....................|                           
                        |.....}........--------     |                           
                        |....@}......---                                        
                        --------------                                          
                                                                                
                                                                                
                                                                                
                                                                                
                                                                                
                                                                                
                                                                                
Agent the Hatamoto             St:16 Dx:17 Co:18 In:9 Wi:8 Ch:7 Lawful S:0      
Dlvl:1 $:0 HP:15(15) Pw:2(2) AC:4 Xp:1/0                                        

",-0.01,False
99,far west,,"message:
 
No  Points     Name                                                   Hp [max]
0  Agent-Sam-Hum-Mal-Law quit in The Dungeons of Doom on
level 1.                                               15  [15]


language observation:
dark area adjacent east, southeast, and south

cursor:
very far eastsoutheast 
(x=77, y=6)

map:
 No  Points     Name                                                   Hp [max] 
                                                                                
            0  Agent-Sam-Hum-Mal-Law quit in The Dungeons of Doom on            
                                                                                
              level 1.                                               15  [15]   
                                                                                
                                                                                
                                                                                
                                                                                
                                                                                
                                                                                
                                                                                
                                                                                
                                                                                
                                                                                
                                                                                
                                                                                
                                                                                
                                                                                
                                                                                
                                                                                
                                                                                
                                                                                

",0.0,True
