Step,Action,Reasoning,Observation,Reward,Done
0,up,,"Active rules:
ball is win
wall is stop
baba is you

Objects on the map:
wall 3 steps to the right and 2 step up
rule `ball` 6 steps to the right and 2 step up
rule `is` 7 steps to the right and 2 step up
rule `win` 8 steps to the right and 2 step up
rule `wall` 2 step to the left and 1 step up
rule `is` 1 step to the left and 1 step up
rule `stop` 1 step up
wall 3 steps to the right and 1 step up
wall 3 steps to the right
key 4 steps to the right
rule `key` 8 steps to the right
wall 3 steps to the right and 1 step down
wall 3 steps to the right and 2 steps down
wall 3 steps to the right and 3 steps down
rule `baba` 2 step to the left and 4 steps down
rule `is` 1 step to the left and 4 steps down
rule `you` 4 steps down
wall 3 steps to the right and 4 steps down
ball 4 steps to the right and 4 steps down",0,False
1,up,,"Active rules:
ball is win
baba is you

Objects on the map:
rule `stop` 1 step up
wall 3 steps to the right and 1 step up
rule `ball` 6 steps to the right and 1 step up
rule `is` 7 steps to the right and 1 step up
rule `win` 8 steps to the right and 1 step up
rule `wall` 2 step to the left
rule `is` 1 step to the left
wall 3 steps to the right
wall 3 steps to the right and 1 step down
key 4 steps to the right and 1 step down
rule `key` 8 steps to the right and 1 step down
wall 3 steps to the right and 2 steps down
wall 3 steps to the right and 3 steps down
wall 3 steps to the right and 4 steps down
rule `baba` 2 step to the left and 5 steps down
rule `is` 1 step to the left and 5 steps down
rule `you` 5 steps down
wall 3 steps to the right and 5 steps down
ball 4 steps to the right and 5 steps down",0,False
2,right,,"Active rules:
ball is win
baba is you

Objects on the map:
rule `stop` 1 step to the left and 1 step up
wall 2 steps to the right and 1 step up
rule `ball` 5 steps to the right and 1 step up
rule `is` 6 steps to the right and 1 step up
rule `win` 7 steps to the right and 1 step up
rule `wall` 3 step to the left
rule `is` 2 step to the left
wall 2 steps to the right
wall 2 steps to the right and 1 step down
key 3 steps to the right and 1 step down
rule `key` 7 steps to the right and 1 step down
wall 2 steps to the right and 2 steps down
wall 2 steps to the right and 3 steps down
wall 2 steps to the right and 4 steps down
rule `baba` 3 step to the left and 5 steps down
rule `is` 2 step to the left and 5 steps down
rule `you` 1 step to the left and 5 steps down
wall 2 steps to the right and 5 steps down
ball 3 steps to the right and 5 steps down",0,False
3,right,,"Active rules:
ball is win
baba is you

Objects on the map:
rule `stop` 2 step to the left and 1 step up
wall 1 step to the right and 1 step up
rule `ball` 4 steps to the right and 1 step up
rule `is` 5 steps to the right and 1 step up
rule `win` 6 steps to the right and 1 step up
rule `wall` 4 step to the left
rule `is` 3 step to the left
wall 1 step to the right
wall 1 step to the right and 1 step down
key 2 steps to the right and 1 step down
rule `key` 6 steps to the right and 1 step down
wall 1 step to the right and 2 steps down
wall 1 step to the right and 3 steps down
wall 1 step to the right and 4 steps down
rule `baba` 4 step to the left and 5 steps down
rule `is` 3 step to the left and 5 steps down
rule `you` 2 step to the left and 5 steps down
wall 1 step to the right and 5 steps down
ball 2 steps to the right and 5 steps down",0,False
4,right,,"Active rules:
ball is win
baba is you

Objects on the map:
rule `stop` 3 step to the left and 1 step up
wall 1 step up
rule `ball` 3 steps to the right and 1 step up
rule `is` 4 steps to the right and 1 step up
rule `win` 5 steps to the right and 1 step up
rule `wall` 5 step to the left
rule `is` 4 step to the left
wall 1 step down
key 1 step to the right and 1 step down
rule `key` 5 steps to the right and 1 step down
wall 2 steps down
wall 3 steps down
wall 4 steps down
rule `baba` 5 step to the left and 5 steps down
rule `is` 4 step to the left and 5 steps down
rule `you` 3 step to the left and 5 steps down
wall 5 steps down
ball 1 step to the right and 5 steps down",0,False
5,right,,"Active rules:
ball is win
baba is you

Objects on the map:
rule `stop` 4 step to the left and 1 step up
wall 1 step to the left and 1 step up
rule `ball` 2 steps to the right and 1 step up
rule `is` 3 steps to the right and 1 step up
rule `win` 4 steps to the right and 1 step up
rule `wall` 6 step to the left
rule `is` 5 step to the left
wall 1 step to the left
wall 1 step to the left and 1 step down
key 1 step down
rule `key` 4 steps to the right and 1 step down
wall 1 step to the left and 2 steps down
wall 1 step to the left and 3 steps down
wall 1 step to the left and 4 steps down
rule `baba` 6 step to the left and 5 steps down
rule `is` 5 step to the left and 5 steps down
rule `you` 4 step to the left and 5 steps down
wall 1 step to the left and 5 steps down
ball 5 steps down",0,False
6,down,,"Active rules:
ball is win
baba is you

Objects on the map:
rule `stop` 4 step to the left and 2 step up
wall 1 step to the left and 2 step up
rule `ball` 2 steps to the right and 2 step up
rule `is` 3 steps to the right and 2 step up
rule `win` 4 steps to the right and 2 step up
rule `wall` 6 step to the left and 1 step up
rule `is` 5 step to the left and 1 step up
wall 1 step to the left and 1 step up
wall 1 step to the left
rule `key` 4 steps to the right
wall 1 step to the left and 1 step down
wall 1 step to the left and 2 steps down
wall 1 step to the left and 3 steps down
rule `baba` 6 step to the left and 4 steps down
rule `is` 5 step to the left and 4 steps down
rule `you` 4 step to the left and 4 steps down
wall 1 step to the left and 4 steps down
ball 4 steps down",0,False
7,down,,"Active rules:
ball is win
baba is you

Objects on the map:
rule `stop` 4 step to the left and 3 step up
wall 1 step to the left and 3 step up
rule `ball` 2 steps to the right and 3 step up
rule `is` 3 steps to the right and 3 step up
rule `win` 4 steps to the right and 3 step up
rule `wall` 6 step to the left and 2 step up
rule `is` 5 step to the left and 2 step up
wall 1 step to the left and 2 step up
wall 1 step to the left and 1 step up
key 1 step up
rule `key` 4 steps to the right and 1 step up
wall 1 step to the left
wall 1 step to the left and 1 step down
wall 1 step to the left and 2 steps down
rule `baba` 6 step to the left and 3 steps down
rule `is` 5 step to the left and 3 steps down
rule `you` 4 step to the left and 3 steps down
wall 1 step to the left and 3 steps down
ball 3 steps down",0,False
8,down,,"Active rules:
ball is win
baba is you

Objects on the map:
rule `stop` 4 step to the left and 4 step up
wall 1 step to the left and 4 step up
rule `ball` 2 steps to the right and 4 step up
rule `is` 3 steps to the right and 4 step up
rule `win` 4 steps to the right and 4 step up
rule `wall` 6 step to the left and 3 step up
rule `is` 5 step to the left and 3 step up
wall 1 step to the left and 3 step up
wall 1 step to the left and 2 step up
key 2 step up
rule `key` 4 steps to the right and 2 step up
wall 1 step to the left and 1 step up
wall 1 step to the left
wall 1 step to the left and 1 step down
rule `baba` 6 step to the left and 2 steps down
rule `is` 5 step to the left and 2 steps down
rule `you` 4 step to the left and 2 steps down
wall 1 step to the left and 2 steps down
ball 2 steps down",0,False
9,down,,"Active rules:
ball is win
baba is you

Objects on the map:
rule `stop` 4 step to the left and 5 step up
wall 1 step to the left and 5 step up
rule `ball` 2 steps to the right and 5 step up
rule `is` 3 steps to the right and 5 step up
rule `win` 4 steps to the right and 5 step up
rule `wall` 6 step to the left and 4 step up
rule `is` 5 step to the left and 4 step up
wall 1 step to the left and 4 step up
wall 1 step to the left and 3 step up
key 3 step up
rule `key` 4 steps to the right and 3 step up
wall 1 step to the left and 2 step up
wall 1 step to the left and 1 step up
wall 1 step to the left
rule `baba` 6 step to the left and 1 step down
rule `is` 5 step to the left and 1 step down
rule `you` 4 step to the left and 1 step down
wall 1 step to the left and 1 step down
ball 1 step down",0,False
10,down,,"Active rules:
ball is win
baba is you

Objects on the map:
rule `stop` 4 step to the left and 6 step up
wall 1 step to the left and 6 step up
rule `ball` 2 steps to the right and 6 step up
rule `is` 3 steps to the right and 6 step up
rule `win` 4 steps to the right and 6 step up
rule `wall` 6 step to the left and 5 step up
rule `is` 5 step to the left and 5 step up
wall 1 step to the left and 5 step up
wall 1 step to the left and 4 step up
key 4 step up
rule `key` 4 steps to the right and 4 step up
wall 1 step to the left and 3 step up
wall 1 step to the left and 2 step up
wall 1 step to the left and 1 step up
rule `baba` 6 step to the left
rule `is` 5 step to the left
rule `you` 4 step to the left
wall 1 step to the left",0.901,True
