Step,Action,Reasoning,Observation,Reward,Done
0,right,,"Active rules:
baba is you

Objects on the map:
rule `is` 2 step to the left and 1 step up
rule `win` 1 step to the left and 1 step up
rule `key` 2 steps to the right and 1 step up
door 2 step to the left
rule `door` 1 step to the left and 2 steps down
ball 1 step to the right and 3 steps down
rule `baba` 3 step to the left and 4 steps down
rule `is` 2 step to the left and 4 steps down
rule `you` 1 step to the left and 4 steps down",0,False
1,down,,"Active rules:
baba is you

Objects on the map:
rule `is` 2 step to the left and 2 step up
rule `win` 1 step to the left and 2 step up
rule `key` 2 steps to the right and 2 step up
door 2 step to the left and 1 step up
rule `door` 1 step to the left and 1 step down
ball 1 step to the right and 2 steps down
rule `baba` 3 step to the left and 3 steps down
rule `is` 2 step to the left and 3 steps down
rule `you` 1 step to the left and 3 steps down",0,False
2,down,,"Active rules:
baba is you

Objects on the map:
rule `is` 2 step to the left and 3 step up
rule `win` 1 step to the left and 3 step up
rule `key` 2 steps to the right and 3 step up
door 2 step to the left and 2 step up
rule `door` 1 step to the left
ball 1 step to the right and 1 step down
rule `baba` 3 step to the left and 2 steps down
rule `is` 2 step to the left and 2 steps down
rule `you` 1 step to the left and 2 steps down",0,False
3,left,,"Active rules:
baba is you

Objects on the map:
rule `is` 1 step to the left and 3 step up
rule `win` 3 step up
rule `key` 3 steps to the right and 3 step up
door 1 step to the left and 2 step up
rule `door` 1 step to the left
ball 2 steps to the right and 1 step down
rule `baba` 2 step to the left and 2 steps down
rule `is` 1 step to the left and 2 steps down
rule `you` 2 steps down",0,False
4,left,,"Active rules:
baba is you

Objects on the map:
rule `is` 3 step up
rule `win` 1 step to the right and 3 step up
rule `key` 4 steps to the right and 3 step up
door 2 step up
rule `door` 1 step to the left
ball 3 steps to the right and 1 step down
rule `baba` 1 step to the left and 2 steps down
rule `is` 2 steps down
rule `you` 1 step to the right and 2 steps down",0,False
5,down,,"Active rules:
baba is you

Objects on the map:
rule `is` 4 step up
rule `win` 1 step to the right and 4 step up
rule `key` 4 steps to the right and 4 step up
door 3 step up
rule `door` 1 step to the left and 1 step up
ball 3 steps to the right
rule `baba` 1 step to the left and 1 step down
rule `is` 1 step down
rule `you` 1 step to the right and 1 step down",0,False
6,left,,"Active rules:
baba is you

Objects on the map:
rule `is` 1 step to the right and 4 step up
rule `win` 2 steps to the right and 4 step up
rule `key` 5 steps to the right and 4 step up
door 1 step to the right and 3 step up
rule `door` 1 step up
ball 4 steps to the right
rule `baba` 1 step down
rule `is` 1 step to the right and 1 step down
rule `you` 2 steps to the right and 1 step down",0,False
7,up,,"Active rules:
baba is you

Objects on the map:
rule `is` 1 step to the right and 3 step up
rule `win` 2 steps to the right and 3 step up
rule `key` 5 steps to the right and 3 step up
door 1 step to the right and 2 step up
rule `door` 1 step up
ball 4 steps to the right and 1 step down
rule `baba` 2 steps down
rule `is` 1 step to the right and 2 steps down
rule `you` 2 steps to the right and 2 steps down",0,False
8,up,,"Active rules:
baba is you

Objects on the map:
rule `is` 1 step to the right and 2 step up
rule `win` 2 steps to the right and 2 step up
rule `key` 5 steps to the right and 2 step up
rule `door` 1 step up
door 1 step to the right and 1 step up
ball 4 steps to the right and 2 steps down
rule `baba` 3 steps down
rule `is` 1 step to the right and 3 steps down
rule `you` 2 steps to the right and 3 steps down",0,False
9,up,,"Active rules:
door is win
baba is you

Objects on the map:
rule `door` 1 step up
rule `is` 1 step to the right and 1 step up
rule `win` 2 steps to the right and 1 step up
rule `key` 5 steps to the right and 1 step up
door 1 step to the right
ball 4 steps to the right and 3 steps down
rule `baba` 4 steps down
rule `is` 1 step to the right and 4 steps down
rule `you` 2 steps to the right and 4 steps down",0,False
10,right,,"Active rules:
door is win
baba is you

Objects on the map:
rule `door` 1 step to the left and 1 step up
rule `is` 1 step up
rule `win` 1 step to the right and 1 step up
rule `key` 4 steps to the right and 1 step up
ball 3 steps to the right and 3 steps down
rule `baba` 1 step to the left and 4 steps down
rule `is` 4 steps down
rule `you` 1 step to the right and 4 steps down",0.901,True
